MIN=0	0	0	0	0	0	0
MAX=600	100000	511	511	1000	2000	100
SCALE=600	5	100	500	500	500	50
DEC=0	0	0	1	0	0	0
DEF="Time" t / s	"Events" N	"Channel" n	"Energy" E / keV	"Rate" R / 1/s	"Voltage" U / V	"Dead time" t / %
0	16	0	0		757.028645833333	
1.001	568	1	1	2381.72160866176	703.09375	16.6720512606323
2.001	4841	2	2	3016.13135417	756.640625	21.11291947919
3.001	13797	3	3	3088.93729457292	743.059895833333	21.6225610620104
4.001	18143	4	4	2590.83897750623	732.1953125	18.1358728425436
5.001	15091	5	5	3050.76726796789	748.4921875	21.3553708757753
6	11292	6	6	2846.26139794029	741.895833333333	19.923829785582
7.001	10123	7	7	3037.27266129254	721.71875	21.2609086290478
8.001	10341	8	8	2866.51224573831	699.213541666667	20.0655857201682
9	10993	9	9	3042.01076911839	744.611979166667	21.2940753838287
10.001	12263	10	10	3212.27786203507	737.239583333333	22.4859450342455
11	14485	11	11	3014.44410950621	724.434895833333	21.1011087665435
12.001	15196	12	12	2988.24807569044	735.299479166667	20.917736529833
13	14524	13	13	3056.27814817742	741.5078125	21.393947037242
14	13462	14	14	3038.572174935	721.71875	21.270005224545
15	12650	15	15	2948.25632411535	718.614583333333	20.6377942688074
16	12385	16	16	3293.28373321038	732.971354166667	23.0529861324727
17.001	12286	17	17	3083.96995403535	745.776041666667	21.5877896782475
18.001	12364	18	18	2887.14735235783	739.1796875	20.2100314665048
19.001	12786	19	19	2672.36000684515	704.645833333333	18.706520047916
20	12851	20	20	2725.3203051159	745	19.0772421358113
21.001	13137	21	21	3269.31189857093	721.330729166667	22.8851832899965
22.001	13501	22	22	3075.9161867786	704.645833333333	21.5314133074502
23.001	13824	23	23	2555.0203042571	746.552083333333	17.8851421297997
24	14504	24	24	2621.34566874845	734.135416666667	18.3494196812392
25.001	15231	25	25	2586.14319844339	745.776041666667	18.1030023891037
26.001	16119	26	26	3025.11253418627	763.236979166667	21.1757877393039
27.001	17430	27	27	3099.52608212912	736.463541666667	21.6966825749038
28.001	18218	28	28	2552.9379351866	752.760416666667	17.8705655463062
28.999	18716	29	29	2353.46724561961	725.2109375	16.4742707193373
30	18357	30	30	3259.71762658528	725.2109375	22.818023386097
31	18103	31	31	2620.15305411216	732.1953125	18.3410713787851
32.001	18370	32	32	2845.16861006348	719.390625	19.9161802704444
33	17591	33	33	2710.39661952138	703.09375	18.9727763366497
34.001	16847	34	34	3071.66833885908	730.643229166667	21.5016783720136
35	16834	35	35	2034.63383349746	704.2578125	14.2424368344822
36	16967	36	36	2982.36008982402	728.703125	20.8765206287681
37	16439	37	37	2878.68859741673	707.361979166667	20.1508201819171
38	16512	38	38	2673.15940710326	696.497395833333	18.7121158497228
39	16547	39	39	2913.57166786483	748.4921875	20.3950016750538
39.999	16871	40	40	2993.13078982176	703.481770833333	20.9519155287523
41.001	16639	41	41	2615.41822889914	707.361979166667	18.307927602294
42.001	16649	42	42	3058.35209746229	699.989583333333	21.408464682236
43	16560	43	43	2883.39197196136	754.3125	20.1837438037295
44.001	16617	44	44	2853.46338743062	739.1796875	19.9742437120143
45.001	16793	45	45	2721.49981521572	703.09375	19.05049870651
45.999	16836	46	46	2825.86882202812	768.669270833333	19.7810817541969
47	16969	47	47	3153.27884512812	710.854166666667	22.0729519158968
48.001	17237	48	48	2957.83085468708	736.463541666667	20.7048159828096
49	17334	49	49	2839.7905977024	709.690104166667	19.8785341839168
50	17065	50	50	2908.21579849908	699.6015625	20.3575105894936
51	17137	51	51	3364.40182868795	710.078125	23.5508128008156
52	17264	52	52	3176.30573775018	726.763020833333	22.2341401642513
53	17283	53	53	2809.63272929064	711.630208333333	19.6674291050345
54.001	17410	54	54	2532.66689824385	696.109375	17.728668287707
55	17370	55	55	3272.06571568835	750.044270833333	22.9044600098184
56.001	17215	56	56	3155.11023453619	734.911458333333	22.0857716417533
57.001	16589	57	57	2823.27358572265	712.40625	19.7629151000585
58.001	15974	58	58	2683.51848209545	753.1484375	18.7846293746681
59	14504	59	59	3142.78957567034	753.924479166667	21.9995270296924
60.001	13412	60	60	2745.02476728241	705.033854166667	19.2151733709769
61	11915	61	61	2475.26264369065	757.416666666667	17.3268385058345
62.001	10603	62	62	2855.42022323085	696.497395833333	19.987941562616
63.001	8890	63	63	2832.44793887599	760.1328125	19.827135572132
64	8244	64	64	3225.88812420102	745.388020833333	22.5812168694072
65	7426	65	65	2777.04326875068	739.567708333333	19.4393028812548
66	6721	66	66	2872.84587877792	736.8515625	20.1099211514454
67	6291	67	67	2768.61151884269	724.822916666667	19.3802806318989
68	5895	68	68	2637.98528750488	739.955729166667	18.4658970125342
69	5855	69	69	3172.94393233185	718.2265625	22.2106075263229
70	5594	70	70	2984.13664183555	722.106770833333	20.8889564928489
71.001	5510	71	71	3055.33896597108	760.1328125	21.3873727617976
72.001	5473	72	72	2915.61612601865	723.658854166667	20.4093128821306
73.001	5575	73	73	2959.02086219746	744.223958333333	20.7131460353822
74.001	5679	74	74	2652.83938277004	714.346354166667	18.5698756793903
74.999	6182	75	75	2637.34847605362	733.359375	18.4614393323753
76.001	7255	76	76	2741.11080654324	708.9140625	19.1877756458027
77.001	9586	77	77	3127.62081240617	736.463541666667	21.8933456868432
78.001	13718	78	78	1620.77831129786	703.869791666667	11.345448179085
79	20360	79	79	2318.34753339703	715.510416666667	16.2284327337792
80	31148	80	80	2730.81383057102	717.450520833333	19.1156968139971
81	44712	81	81	2980.95633273465	734.5234375	20.8666943291425
82	59251	82	82	2272.05591520595	731.807291666667	15.9043914064417
82.999	72701	83	83	3139.0212205385	735.6875	21.9731485437695
84	80473	84	84	3055.84328466931	698.4375	21.3909029926852
85.001	80948	85	85	2802.12321386867	713.5703125	19.6148624970807
86	75068	86	86	2700.99280707143	729.479166666667	18.9069496495
87.001	63984	87	87	3087.32936196428	715.122395833333	21.61130553375
88.001	50345	88	88	3021.44364577395	757.8046875	21.1501055204177
89	35822	89	89	2941.29357692242	745.776041666667	20.589055038457
90.001	23813	90	90	2601.28484069006	698.4375	18.2089938848304
91	14715	91	91	2911.03679358307	696.497395833333	20.3772575550815
92	8787	92	92	2639.03639562872	721.330729166667	18.473254769401
92.999	4924	93	93	2860.86617165686	709.690104166667	20.026063201598
94	2948	94	94	2792.41704528223	731.03125	19.5469193169756
94.999	1755	95	95	2810.99628899661	743.059895833333	19.6769740229763
96	1203	96	96	3249.93926400497	741.119791666667	22.7495748480348
97	876	97	97	3055.67465866738	725.2109375	21.3897226106716
98	698	98	98	2868.58665804459	717.450520833333	20.0801066063121
99.001	661	99	99	2972.01795689475	739.955729166667	20.8041256982632
100.001	573	100	100	3123.04590877486	728.315104166667	21.861321361424
101	596	101	101	3244.16076060904	748.4921875	22.7091253242633
102	574	102	102	2762.0311845138	719.002604166667	19.3342182915966
103	639	103	103	3139.66546958823	732.971354166667	21.9776582871176
104	599	104	104	2889.32294124636	718.2265625	20.2252605887245
105	593	105	105	2721.4374632681	719.390625	19.0500622428767
106.001	611	106	106	2656.56903886509	727.927083333333	18.5959832720557
107.001	522	107	107	2561.81620455367	703.869791666667	17.9327134318757
108	578	108	108	3145.82780590003	731.419270833333	22.0207946413002
109	542	109	109	2663.22912422076	698.049479166667	18.6426038695453
110.001	553	110	110	2944.92961598198	700.377604166667	20.6145073118739
111.001	569	111	111	3098.5345075273	739.567708333333	21.6897415526911
112.001	570	112	112	2899.79141462138	697.2734375	20.2985399023497
113	499	113	113	2716.50428832503	743.059895833333	19.0155300182752
114	471	114	114	2877.64955262588	712.40625	20.1435468683811
115	485	115	115	2803.21696619596	751.596354166667	19.6225187633717
116	480	116	116	2976.94947619913	747.328125	20.8386463333939
117.001	505	117	117	3132.42119181137	703.481770833333	21.9269483426796
118.001	463	118	118	2820.12775178716	755.864583333333	19.7408942625101
119.001	437	119	119	2994.2547549186	734.5234375	20.9597832844302
120	460	120	120	2986.88112993333	731.807291666667	20.9081679095333
121.001	427	121	121	2519.87882852796	734.135416666667	17.6391517996957
122	489	122	122	3149.55070332565	739.567708333333	22.0468549232795
123	392	123	123	2720.36360306665	747.328125	19.0425452214666
124.001	398	124	124	3233.70457824648	699.6015625	22.6359320477254
125	406	125	125	2988.63817535307	730.643229166667	20.9204672274715
126.001	415	126	126	3123.70850399423	730.643229166667	21.8659595279596
127	353	127	127	2763.62686409587	748.880208333333	19.3453880486711
128	366	128	128	2897.49844301951	743.8359375	20.2824891011366
129	366	129	129	3077.88890341689	713.182291666667	21.5452223239182
130	373	130	130	2893.9730860503	716.286458333333	20.2578116023521
131.001	334	131	131	3003.04540246166	729.091145833333	21.0213178172316
132	314	132	132	2823.18150145836	722.494791666667	19.7622705102085
133.001	351	133	133	3088.24733311429	715.8984375	21.6177313318
134	287	134	134	2755.97010898645	737.239583333333	19.2917907629052
135.001	255	135	135	3010.16801174805	729.091145833333	21.0711760822364
136	311	136	136	2865.4344364789	749.268229166667	20.0580410553523
136.999	265	137	137	2656.7268804745	731.807291666667	18.5970881633215
138	274	138	138	3123.26023084156	739.1796875	21.8628216158909
139.001	258	139	139	2844.45465411011	734.5234375	19.9111825787708
140.001	273	140	140	2820.10744376294	718.2265625	19.7407521063406
141	269	141	141	3227.12086383171	714.346354166667	22.589846046822
142	251	142	142	2619.4285385089	725.2109375	18.3359997695623
143	258	143	143	2770.35917446179	746.552083333333	19.3925142212325
144	220	144	144	2743.30707271889	722.494791666667	19.2031495090323
145	212	145	145	2662.03043569637	724.046875	18.6342130498746
146	237	146	146	2775.87230987375	739.1796875	19.4311061691162
147	189	147	147	1783.79735741877	739.955729166667	12.4865815019314
148	202	148	148	2984.97886259762	737.627604166667	20.8948520381833
149	192	149	149	2772.69561334226	743.8359375	19.4088692933958
150	173	150	150	3263.60684569843	741.895833333333	22.845247919889
151.001	166	151	151	3010.49161883577	753.924479166667	21.0734413318504
152.001	173	152	152	3036.37119904257	728.315104166667	21.254598393298
153	165	153	153	2464.47738925255	706.973958333333	17.2513417247678
154	155	154	154	3109.30897284323	759.356770833333	21.7651628099026
155	178	155	155	3266.87748329201	755.4765625	22.8681423830441
156	140	156	156	3493.44190687628	743.8359375	24.454093348134
157	156	157	157	3236.35610915711	752.372395833333	22.6544927640998
158.001	153	158	158	3138.81643306982	758.96875	21.9717150314887
159.001	132	159	159	2789.63837750794	750.432291666667	19.5274686425556
160.001	169	160	160	3055.89740669982	732.971354166667	21.3912818468987
161	157	161	161	2989.75872647077	734.911458333333	20.9283110852954
162	169	162	162	3226.86061404196	716.286458333333	22.5880242982937
163.001	138	163	163	2811.09979404269	696.109375	19.6776985582988
164.001	179	164	164	2603.95845769514	741.119791666667	18.227709203866
165	174	165	165	2814.41147294781	702.705729166667	19.7008803106347
166	188	166	166	2921.75205897998	732.583333333333	20.4522644128599
167	196	167	167	2983.66834170854	728.703125	20.8856783919598
168	168	168	168	3161.00386734616	735.6875	22.1270270714231
169	181	169	169	2831.7245673234	715.122395833333	19.8220719712638
170	159	170	170	2575.16098366706	719.390625	18.0261268856694
171.001	162	171	171	3431.21293377209	755.864583333333	24.0184905364046
172.001	143	172	172	2973.1935714254	726.763020833333	20.8123549999778
173.001	127	173	173	3187.04866857983	725.986979166667	22.3093406800588
174.001	97	174	174	2850.3554521803	742.283854166667	19.9524881652621
175	72	175	175	2874.58873554417	708.526041666667	20.1221211488092
176.001	72	176	176	2556.31733300304	724.434895833333	17.8942213310213
176.999	58	177	177	3030.13139442284	719.778645833333	21.2109197609599
178	39	178	178	3196.13078207221	728.703125	22.3729154745054
179	29	179	179	2541.4749503724	715.122395833333	17.7903246526068
180.001	20	180	180	2738.58551447134	701.541666666667	19.1700986012994
181.001	17	181	181	3267.79968154776	700.765625	22.8745977708343
182.001	14	182	182	2881.30492831067	737.627604166667	20.1691344981747
183.001	8	183	183	2718.61856899655	722.494791666667	19.0303299829758
183.999	10	184	184	2871.00430650646	740.731770833333	20.0970301455452
185.001	6	185	185	2972.51990294728	741.895833333333	20.807639320631
186	8	186	186	3057.35789617737	726.763020833333	21.4015052732416
187.001	4	187	187	2684.23588825599	736.8515625	18.7896512177919
188.001	2	188	188	3295.20871987527	736.8515625	23.0664610391269
189	5	189	189	2821.32739093966	724.434895833333	19.7492917365776
190	6	190	190	3039.00765974117	697.2734375	21.2730536181882
191.001	6	191	191	2656.1015297563	734.5234375	18.5927107082941
192.001	5	192	192	2602.26264682431	724.822916666667	18.2158385277702
193	0	193	193	2363.63723659899	714.734375	16.5454606561929
194	1	194	194	2802.55090958593	715.8984375	19.6178563671015
195	5	195	195	2961.63837274091	748.4921875	20.7314686091864
196.001	3	196	196	2767.16654894753	740.731770833333	19.3701658426327
197.001	0	197	197	2868.48717448705	696.497395833333	20.0794102214094
198.001	4	198	198	2720.55254422173	744.223958333333	19.0438678095521
199.001	5	199	199	2738.08180493714	708.138020833333	19.1665726345599
200	5	200	200	2841.10916661432	721.71875	19.8877641663003
201	0	201	201	2710.70561736995	745	18.9749393215897
202	0	202	202	2891.91139271338	740.731770833333	20.2433797489937
203.001	9	203	203	3142.02264321378	698.825520833333	21.9941585024965
204	7	204	204	2742.94399486458	736.463541666667	19.2006079640521
205	2	205	205	2887.66100124514	709.302083333333	20.213627008716
206	4	206	206	2819.9232369763	710.078125	19.7394626588341
207	2	207	207	2401.08785206815	729.091145833333	16.807614964477
208.001	0	208	208	2607.37894894027	760.520833333333	18.2516526425819
209.001	1	209	209	2975.16056159983	748.880208333333	20.8261239311988
210.001	2	210	210	3172.47869231849	720.942708333333	22.2073508462294
211.001	1	211	211	2902.64227526317	749.65625	20.3184959268422
212.001	1	212	212	2610.75372793413	741.119791666667	18.2752760955389
213	2	213	213	3085.08278657022	733.359375	21.5955795059915
214.001	3	214	214	2696.31256495662	732.971354166667	18.8741879546963
215	2	215	215	2791.94573630239	729.091145833333	19.5436201541167
215.999	0	216	216	1443.00673280947	717.838541666667	10.1010471296663
217	2	217	217	2570.16587878605	696.885416666667	17.9911611515024
218.001	1	218	218	2787.63864257534	718.2265625	19.5134704980274
219.001	0	219	219	2961.42385258832	726.763020833333	20.7299669681183
220.001	4	220	220	2683.98534395893	757.028645833333	18.7878974077125
221	2	221	221	2960.3956340658	728.315104166667	20.7227694384606
221.999	0	222	222	2908.45291530105	757.416666666667	20.3591704071073
223.001	4	223	223	2977.63385880794	758.192708333333	20.8434370116555
224	1	224	224	3183.25488144372	725.2109375	22.282784170106
225.001	2	225	225	2429.92790479967	713.5703125	17.0094953335977
226.001	1	226	226	3040.96041462834	753.924479166667	21.2867229023984
227.001	0	227	227	2900.39986861	703.481770833333	20.30279908027
228.001	3	228	228	2620.35767882316	731.419270833333	18.3425037517621
229	2	229	229	2515.69209168153	747.716145833333	17.6098446417707
229.999	2	230	230	2685.7406562063	734.5234375	18.8001845934441
231	1	231	231	2982.0461601526	699.989583333333	20.8743231210682
232	0	232	232	2964.76934094527	751.208333333333	20.7533853866169
233	0	233	233	3182.20572145193	742.671875	22.2754400501635
234	1	234	234	2744.06655652372	727.5390625	19.208465895666
235.001	1	235	235	2597.34923797949	740.34375	18.1814446658564
236.001	4	236	236	2688.0931006312	696.885416666667	18.8166517044184
237.001	0	237	237	2695.98704327281	747.716145833333	18.8719093029097
238	0	238	238	2727.91617514399	727.927083333333	19.0954132260079
239.001	1	239	239	3218.13201245825	715.510416666667	22.5269240872078
240.001	0	240	240	3066.04854476991	742.671875	21.4623398133894
241.001	3	241	241	3013.1310712016	728.703125	21.0919174984112
242	1	242	242	2886.58901364823	701.9296875	20.2061230955376
243.001	0	243	243	3122.00165159661	742.671875	21.8540115611762
243.999	0	244	244	3116.47570168931	762.848958333333	21.8153299118251
245	0	245	245	2582.80077271464	752.760416666667	18.0796054090024
246.001	1	246	246	2647.17205074886	736.8515625	18.530204355242
247	0	247	247	3139.80672745255	722.8828125	21.9786470921679
247.999	0	248	248	3254.77197453401	718.2265625	22.7834038217381
249.001	1	249	249	3061.0192805327	698.4375	21.4271349637289
249.999	3	250	250	2604.63302352348	744.223958333333	18.2324311646644
251	1	251	251	2725.33026158726	729.091145833333	19.0773118311108
252	3	252	252	3214.68402789597	731.419270833333	22.5027881952718
253	0	253	253	2673.70619357293	717.838541666667	18.7159433550105
254.001	1	254	254	3072.31222217841	766.341145833333	21.5061855552489
255	3	255	255	2928.93679594307	705.033854166667	20.5025575716015
256	1	256	256	3077.06994561845	729.479166666667	21.5394896193291
257	0	257	257	2951.21876722775	758.192708333333	20.6585313705943
258	1	258	258	3182.63014315933	716.674479166667	22.2784110021153
259	0	259	259	3211.89083747055	765.953125	22.4832358622938
260	4	260	260	2822.79635342608	729.8671875	19.7595744739825
261	0	261	261	3315.45984195607	741.5078125	23.2082188936925
262	0	262	262	2823.50716215222	709.302083333333	19.7645501350655
263.001	0	263	263	2998.05156668708	748.880208333333	20.9863609668096
264	2	264	264	2948.36201720822	739.955729166667	20.6385341204576
265	0	265	265	3190.79346765224	755.864583333333	22.3355542735656
265.999	1	266	266	3613.56356943184	751.596354166667	25.2949449860228
267	2	267	267	3039.74828005062	730.643229166667	21.2782379603544
268.001	2	268	268	3262.32303450548	732.1953125	22.8362612415383
269.001	0	269	269	2790.3635300708	713.958333333333	19.5325447104956
270	1	270	270	3300.89783021449	711.630208333333	23.1062848115014
271.001	0	271	271	2829.87932285831	760.908854166667	19.8091552600082
271.999	0	272	272	3380.71213824382	696.109375	23.6649849677068
273	0	273	273	2915.10009638924	720.5546875	20.4057006747247
273.999	1	274	274	2967.59972179447	699.6015625	20.7731980525613
275	1	275	275	2858.40389247001	697.2734375	20.00882724729
275.999	0	276	276	3008.73776958085	733.359375	21.061164387066
277	0	277	277	2845.73332686045	738.403645833333	19.9201332880231
278	0	278	278	2644.1945621429	727.927083333333	18.5093619350003
279	1	279	279	3402.11008919876	750.044270833333	23.8147706243913
280.001	1	280	280	3370.75519465584	713.958333333333	23.5952863625909
281.001	0	281	281	2887.19587653206	726.375	20.2103711357244
282	0	282	282	2782.92086851539	729.8671875	19.4804460796077
283	1	283	283	2780.87208468907	744.223958333333	19.4661045928235
284.001	2	284	284	2882.18622321649	732.1953125	20.1753035625155
285	1	285	285	2967.39049799171	757.8046875	20.771733485942
286.001	1	286	286	2932.97594959721	716.286458333333	20.5308316471805
287.001	1	287	287	2695.29670724586	698.825520833333	18.867076950721
288	0	288	288	3004.32961051483	696.885416666667	21.0303072736038
289	0	289	289	1968.57564794862	720.166666666667	13.7800295356403
290.001	0	290	290	3041.02114359049	755.4765625	21.2871480051334
291.001	0	291	291	2901.42186673942	753.1484375	20.309953067176
292	0	292	292	2890.27798835764	706.973958333333	20.2319459185035
293	1	293	293	3076.77032399973	742.283854166667	21.5373922679981
293.999	0	294	294	2446.34293395174	736.8515625	17.1244005376622
295	0	295	295	2937.59754913577	712.794270833333	20.5631828439504
296.001	0	296	296	3126.01691892846	721.71875	21.8821184324992
297	0	297	297	3072.22525302588	747.328125	21.5055767711811
298	0	298	298	2950.65863058654	739.1796875	20.6546104141057
299.001	0	299	299	3019.72413273035	725.986979166667	21.1380689291124
300.001	0	300	300	3115.77455018565	750.8203125	21.8104218512995
301.001	0	301	301	2902.06618895477	729.8671875	20.3144633226834
302	0	302	302	2890.10315237326	740.731770833333	20.2307220666128
303	1	303	303	2429.79944220063	738.015625	17.0085960954044
304	0	304	304	2849.72962551599	701.541666666667	19.9481073786119
305.001	0	305	305	2819.2974406822	710.466145833333	19.7350820847754
306	0	306	306	3213.28906135071	722.106770833333	22.493023429455
307.001	0	307	307	2667.02747428595	720.5546875	18.6691923200017
308	0	308	308	3026.17809003075	700.377604166667	21.1832466302152
309.001	0	309	309	2496.89488712755	720.5546875	17.4782642098928
309.999	0	310	310	2674.80179175109	729.8671875	18.7236125422577
311	1	311	311	2918.42272617326	739.955729166667	20.4289590832128
312.001	0	312	312	3250.88872418706	709.302083333333	22.7562210693094
313	1	313	313	2938.4277820593	753.536458333333	20.5689944744151
314	0	314	314	3093.6041960122	716.286458333333	21.6552293720854
314.999	0	315	315	2737.68557304041	723.270833333333	19.1637990112829
316.001	0	316	316	2888.701087754	752.372395833333	20.220907614278
317	0	317	317	3253.36055538426	749.268229166667	22.7735238876898
318.001	0	318	318	2725.06322746579	743.447916666667	19.0754425922606
319	0	319	319	3138.7649065085	732.583333333333	21.9713543455595
320	0	320	320	3080.85692478414	724.822916666667	21.565998473489
321	1	321	321	2939.21555602605	731.807291666667	20.5745088921823
322	1	322	322	2920.40131107378	719.002604166667	20.4428091775165
323	0	323	323	3015.70865657116	740.731770833333	21.1099605959981
324.001	2	324	324	2905.03826067437	718.2265625	20.3352678247206
325	2	325	325	2775.20046474611	741.119791666667	19.4264032532227
326	1	326	326	2967.66318093857	745.388020833333	20.77364226657
327.001	0	327	327	3050.67168665321	734.5234375	21.3547018065724
327.999	1	328	328	2870.03132708767	702.317708333333	20.0902192896137
329.001	0	329	329	2678.93258196463	731.419270833333	18.7525280737524
330	0	330	330	2473.44740228085	715.122395833333	17.3141318159659
331.001	0	331	331	2661.83869257523	756.640625	18.6328708480266
332.001	0	332	332	2613.27873506912	716.674479166667	18.2929511454838
333	0	333	333	2703.69841281776	728.703125	18.9258888897243
334	1	334	334	3047.31379289157	742.283854166667	21.331196550241
335.001	0	335	335	2995.23471752967	724.822916666667	20.9666430227077
336	0	336	336	3284.7558548	757.028645833333	22.9932909836
337	0	337	337	2828.50379155629	717.0625	19.799526540894
338	0	338	338	2834.27501778227	715.510416666667	19.8399251244759
339.001	1	339	339	2654.00152107948	696.109375	18.5780106475564
340.001	0	340	340	2829.41795464939	740.34375	19.8059256825457
341	0	341	341	3234.39352568715	739.955729166667	22.6407546798101
342.001	0	342	342	3387.71323473667	743.059895833333	23.7139926431567
343	0	343	343	2756.19006422952	746.940104166667	19.2933304496066
344.001	0	344	344	2990.2871747224	701.153645833333	20.9320102230568
345.001	0	345	345	3163.53757649933	740.731770833333	22.1447630354953
346.001	0	346	346	2796.05077099623	753.536458333333	19.5723553969736
347	0	347	347	3261.93128318021	745.388020833333	22.8335189822614
348	0	348	348	3074.36579219704	719.002604166667	21.5205605453793
349.001	0	349	349	2826.83163725103	747.328125	19.7878214607572
350	0	350	350	3047.16599066835	718.2265625	21.3301619346785
350.999	0	351	351	3016.98927078189	749.65625	21.1189248954732
352.001	0	352	352	2919.06021445802	736.463541666667	20.4334215012061
353.001	0	353	353	2596.61050742476	732.1953125	18.1762735519733
354.001	1	354	354	3019.73185663665	715.122395833333	21.1381229964566
355	0	355	355	2874.41116108931	751.208333333333	20.1208781276252
356.001	0	356	356	3175.17152348824	742.283854166667	22.2262006644177
357	0	357	357	2953.18033226274	727.151041666667	20.6722623258392
358	0	358	358	3004.75430748075	748.104166666667	21.0332801523653
359.001	0	359	359	2695.44474838348	758.96875	18.8681132386844
360.001	0	360	360	2911.87264877522	717.450520833333	20.3831085414265
361	0	361	361	2850.6433845126	735.6875	19.9545036915882
362	0	362	362	3012.25232883945	741.5078125	21.0857663018761
363	0	363	363	2953.93971845168	734.911458333333	20.6775780291618
364	0	364	364	2409.81521945544	715.122395833333	16.8687065361881
365	0	365	365	2743.79382823311	720.942708333333	19.2065567976318
366	0	366	366	3097.868999576	726.763020833333	21.685082997032
367	0	367	367	2679.56788885237	729.091145833333	18.7569752219666
368	0	368	368	2762.2396403251	717.0625	19.3356774822757
369.001	0	369	369	3138.39094696149	751.596354166667	21.9687366287304
370	0	370	370	3038.47160545507	703.09375	21.2693012381855
371	0	371	371	2442.01192491784	704.645833333333	17.0940834744249
371.999	0	372	372	2873.904774417	727.5390625	20.117333420919
373	0	373	373	2944.90367502357	698.049479166667	20.614325725165
374.001	0	374	374	2801.74375575349	731.03125	19.6122062902744
375.001	0	375	375	2903.44179454922	752.372395833333	20.3240925618445
376.001	0	376	376	2834.39794947211	741.5078125	19.8407856463047
377.001	1	377	377	2664.36664079914	727.151041666667	18.650566485594
378	0	378	378	2777.87513581446	726.763020833333	19.4451259507012
379.001	0	379	379	2937.38008859666	720.166666666667	20.5616606201766
380	0	380	380	3097.55700121586	733.747395833333	21.682899008511
381	0	381	381	2947.84771627199	729.8671875	20.6349340139039
382.001	0	382	382	2922.16126688746	718.614583333333	20.4551288682122
383	0	383	383	3216.76760935983	748.4921875	22.5173732655188
384.001	0	384	384	3256.39764586961	732.971354166667	22.7947835210873
385.001	0	385	385	3100.87413641906	743.8359375	21.7061189549334
386.001	0	386	386	2467.03943166162	745	17.2692760216313
387	0	387	387	3082.10133535874	697.2734375	21.5747093475111
388	0	388	388	2879.67481887466	748.104166666667	20.1577237321226
389	0	389	389	3355.34962743118	724.046875	23.4874473920182
390.001	0	390	390	2920.86813992926	742.283854166667	20.4460769795048
391	0	391	391	2992.12949856413	720.166666666667	20.9449064899489
392.001	0	392	392	3151.30914342697	731.419270833333	22.0591640039888
393	0	393	393	3030.49288344592	744.223958333333	21.2134501841215
394.001	0	394	394	3020.42258397263	744.223958333333	21.1429580878084
395	0	395	395	2878.246662235	747.716145833333	20.147726635645
396.001	0	396	396	2671.05522001457	736.075520833333	18.697386540102
397.001	0	397	397	2724.88705137879	732.1953125	19.0742093596515
398	0	398	398	2875.30316783305	698.825520833333	20.1271221748313
399.001	0	399	399	2746.66226134902	708.9140625	19.2266358294432
400	0	400	400	2864.70187439699	733.747395833333	20.0529131207789
401	0	401	401	3021.90904093865	696.109375	21.1533632865706
402	0	402	402	3089.93074228125	745	21.6295151959687
403.001	0	403	403	3480.42635222815	738.791666666667	24.362984465597
404	0	404	404	2696.38567389704	752.372395833333	18.8746997172793
405.001	1	405	405	3139.39158591065	717.838541666667	21.9757411013746
406	0	406	406	3168.85943545135	712.018229166667	22.1820160481595
407.001	1	407	407	2602.68531835649	750.432291666667	18.2187972284955
408	0	408	408	2980.21438678928	741.895833333333	20.861500707525
409	0	409	409	2805.06245613973	736.075520833333	19.6354371929781
410.001	1	410	410	3246.48737964275	722.8828125	22.7254116574993
411.001	0	411	411	3203.07687504578	747.328125	22.4215381253205
412.001	0	412	412	3415.36889986895	714.734375	23.9075822990826
413	0	413	413	3056.46076635806	754.3125	21.3952253645064
414.001	0	414	414	2859.38118549389	697.661458333333	20.0156682984572
415	0	415	415	2706.17224446063	736.8515625	18.9432057112244
416.001	0	416	416	2798.1047343812	727.151041666667	19.5867331406684
417	0	417	417	3042.78240907522	739.567708333333	21.2994768635265
418	0	418	418	2777.1309151945	702.317708333333	19.4399164063615
419	0	419	419	2632.14500853176	699.989583333333	18.4250150597223
420.001	0	420	420	3097.4363551767	726.763020833333	21.6820544862369
421.001	0	421	421	2979.60050317691	722.106770833333	20.8572035222383
422.001	1	422	422	2760.01646803154	742.671875	19.3201152762208
423.001	0	423	423	2499.57766616878	717.838541666667	17.4970436631815
424	0	424	424	2907.62327505826	734.135416666667	20.3533629254078
425.001	0	425	425	2799.47630715801	769.833333333333	19.5963341501061
426	1	426	426	3128.44425349526	721.71875	21.8991097744668
427.001	0	427	427	2773.44402838894	757.028645833333	19.4141081987226
428.001	0	428	428	3137.3270893588	737.627604166667	21.9612896255116
429.001	0	429	429	3195.73784443687	728.315104166667	22.3701649110581
430.001	0	430	430	3128.74740542593	738.015625	21.9012318379815
430.999	0	431	431	2990.50247650048	724.434895833333	20.9335173355033
432	0	432	432	3364.94531019909	720.5546875	23.5546171713937
433	0	433	433	2038.55518648235	700.765625	14.2698863053765
434.001	0	434	434	2640.08949863338	732.1953125	18.4806264904337
434.999	0	435	435	2965.48240532149	743.8359375	20.7583768372505
436.001	0	436	436	2719.62579229864	720.5546875	19.0373805460905
437	1	437	437	2827.2368612236	741.119791666667	19.7906580285652
438	0	438	438	3247.6351843153	724.046875	22.7334462902071
439	0	439	439	2341.55098302991	713.182291666667	16.3908568812094
440.001	0	440	440	2650.39487877575	698.049479166667	18.5527641514302
441.001	0	441	441	2637.64142104131	725.986979166667	18.4634899472891
442	0	442	442	3008.65195523534	703.869791666667	21.0605636866474
443	0	443	443	2996.8407969393	762.072916666667	20.9778855785751
444.001	0	444	444	3112.39234042799	719.390625	21.7867463829959
445.001	0	445	445	2841.71298338524	721.71875	19.8919908836967
446	0	446	446	2755.37676221899	712.018229166667	19.2876373355329
447	0	447	447	3043.80867589667	745.388020833333	21.3066607312767
448	0	448	448	2999.52572629298	726.763020833333	20.9966800840508
449	0	449	449	2828.82636235245	734.135416666667	19.8017845364672
450	0	450	450	2898.94449430962	726.763020833333	20.2926114601674
451.001	0	451	451	2827.94566503039	756.252604166667	19.7956196552127
452	0	452	452	2545.49757761436	702.705729166667	17.8184830433005
453.001	0	453	453	2821.93095502206	714.346354166667	19.7535166851544
454.001	0	454	454	3093.13533715675	719.002604166667	21.6519473600972
454.999	0	455	455	2716.36607553462	743.059895833333	19.0145625287424
456	0	456	456	2784.16424194332	736.075520833333	19.4891496936032
457	0	457	457	2965.92358860549	747.716145833333	20.7614651202384
458	0	458	458	3342.2849440553	711.2421875	23.3959946083871
459	0	459	459	2899.98852212962	696.497395833333	20.2999196549074
460.001	0	460	460	3040.82884687061	744.223958333333	21.2858019280943
461.001	0	461	461	2694.19558538382	700.377604166667	18.8593690976868
462.001	0	462	462	3028.16179384226	732.583333333333	21.1971325568958
463.001	0	463	463	3467.64677778839	716.286458333333	24.2735274445188
464	0	464	464	2810.93478631296	717.0625	19.6765435041907
465	0	465	465	3165.02629282548	741.119791666667	22.1551840497783
466.001	0	466	466	2846.82575924863	757.8046875	19.9277803147404
467.001	0	467	467	2843.12097890364	726.763020833333	19.9018468523255
468	0	468	468	2819.22997265097	748.104166666667	19.7346098085568
469.001	0	469	469	2858.80844863861	752.760416666667	20.0116591404703
470	0	470	470	3034.27611912684	704.2578125	21.2399328338879
471	0	471	471	2881.97674785135	698.4375	20.1738372349595
472	0	472	472	2570.24019205332	714.734375	17.9916813443732
473	0	473	473	3243.43247482009	710.078125	22.7040273237406
474	0	474	474	2921.70767703688	725.598958333333	20.4519537392581
475.001	0	475	475	2722.71255487082	715.8984375	19.0589878840958
476.001	0	476	476	2861.46606775379	725.2109375	20.0302624742765
477.001	0	477	477	2811.89351989992	699.213541666667	19.6832546392994
478	0	478	478	3162.87515463946	744.223958333333	22.1401260824762
479	0	479	479	2903.09289341962	731.807291666667	20.3216502539373
480	0	480	480	2926.53116540652	706.197916666667	20.4857181578456
481	0	481	481	3048.94466653972	747.716145833333	21.342612665778
482.001	0	482	482	3013.86286743602	739.955729166667	21.0970400720522
483.001	0	483	483	3149.95028672539	725.986979166667	22.0496520070777
484.001	1	484	484	2917.3626242903	696.109375	20.4215383700321
485	0	485	485	2461.5481639038	746.552083333333	17.2308371473266
486	0	486	486	2781.43167819646	738.015625	19.4700217473752
487.001	0	487	487	2780.19639179164	747.716145833333	19.4613747425415
487.999	0	488	488	2666.41728038654	726.763020833333	18.6649209627058
489	0	489	489	2547.61048468928	753.536458333333	17.833273392825
490	0	490	490	2816.2636342086	698.4375	19.7138454394602
491.001	0	491	491	2408.90169808038	717.838541666667	16.8623118865627
492	0	492	492	2904.25509466317	750.044270833333	20.3297856626422
493	0	493	493	2772.10920778601	749.268229166667	19.4047644545021
494	0	494	494	2684.77014583647	749.65625	18.7933910208553
495.001	0	495	495	2928.84993126546	715.8984375	20.5019495188582
496.001	0	496	496	2818.17371527232	751.208333333333	19.7272160069062
497	0	497	497	2554.59740114422	724.434895833333	17.8821818080096
498	0	498	498	2996.88900099696	746.940104166667	20.9782230069787
499	0	499	499	3133.9203078369	742.283854166667	21.9374421548583
500	0	500	500	2773.93865753362	757.8046875	19.4175706027353
501.001	0	501	501	3061.47495704487	749.65625	21.4303246993141
502.001	0	502	502	3078.00536443784	742.283854166667	21.5460375510649
503.001	0	503	503	3067.28905638813	748.104166666667	21.4710233947169
504	0	504	504	2801.34126843134	730.643229166667	19.6093888790194
505.001	0	505	505	2841.27277917448	730.255208333333	19.8889094542214
506.001	0	506	506	3058.53938396877	724.046875	21.4097756877814
507.001	0	507	507	2990.96895767137	737.239583333333	20.9367827036996
508.001	0	508	508	2796.44821103359	739.567708333333	19.5751374772351
509.001	0	509	509	3091.32560425208	713.182291666667	21.6392792297646
510.001	0	510	510	3068.21212464806	734.135416666667	21.4774848725364
511	5	511	511	2743.89730791517	753.924479166667	19.2072811554062
511.999				3259.10350335305	750.432291666667	22.8137245234713
513				2868.82241989221	728.315104166667	20.0817569392455
514				3099.12365503384	738.015625	21.6938655852369
515.001				3012.48426269423	719.778645833333	21.0873898388596
516.001				3248.35943842498	731.03125	22.7385160689749
517.001				3030.17680659574	753.1484375	21.2112376461702
518.001				2943.66165887195	696.109375	20.6056316121037
519.001				2605.85017804238	727.5390625	18.2409512462967
520				3225.18674532383	718.2265625	22.5763072172668
521				3193.65824060402	733.359375	22.3556076842281
522.001				2919.77387973398	715.122395833333	20.4384171581379
523.001				3068.06145802184	717.0625	21.4764302061529
524				2854.13267487851	748.104166666667	19.9789287241496
525.001				2581.96089222449	708.138020833333	18.0737262455714
526.001				2795.64966712561	700.377604166667	19.5695476698793
527.001				3250.45505260987	729.091145833333	22.7531853682691
528.001				2992.35282687051	710.078125	20.9464697880936
529				3078.86593365305	728.703125	21.5520615355713
529.999				2621.53486652462	725.598958333333	18.3507440656723
531.001				2570.07963250193	707.361979166667	17.9905574275135
532				3029.89904376386	719.390625	21.209293306347
533.001				3198.33582785571	709.302083333333	22.38835079499
534.001				2789.22847036107	710.078125	19.5245992925275
535.001				2937.04692827178	723.270833333333	20.5593284979024
536				2347.82642678554	721.330729166667	16.4347849874988
537				2944.42203855552	715.122395833333	20.6109542698887
538.001				2683.30079801946	710.854166666667	18.7831055861362
539.001				2956.04392741399	751.208333333333	20.6923074918979
540				2851.45042150187	758.192708333333	19.9601529505131
541.001				3087.65002879511	722.106770833333	21.6135502015657
542.001				2814.79951465243	734.911458333333	19.703596602567
543.001				2443.49541520473	731.419270833333	17.1044679064331
544.001				3188.58386642783	710.854166666667	22.3200870649948
545				2649.49736138034	720.942708333333	18.5464815296624
546.001				2708.36769163559	698.049479166667	18.9585738414491
547				2756.43317146967	732.1953125	19.2950322002877
548				2835.99800136012	724.822916666667	19.8519860095209
549				2931.91721731737	711.630208333333	20.5234205212216
550.001				2833.06168996828	718.614583333333	19.831431829778
551				3079.98194092567	736.463541666667	21.5598735864797
552.001				2597.09408926538	715.8984375	18.1796586248576
553				2731.40066225961	704.2578125	19.1198046358172
554.001				3262.9885442105	747.328125	22.8409198094735
555.001				2317.16005660477	729.8671875	16.2201203962334
556				3206.52190758358	716.674479166667	22.4456533530851
557.001				3149.66635820409	756.640625	22.0476645074287
558.001				2978.23879456462	733.359375	20.8476715619523
559.001				2996.17502013732	746.1640625	20.9732251409612
560.001				2669.86591722439	751.208333333333	18.6890614205707
561				3140.84672834383	712.40625	21.9859270984068
562.001				3209.97228427737	734.911458333333	22.4698059899416
563.001				2913.73655329631	724.434895833333	20.3961558730742
564				3057.99283986488	734.5234375	21.4059498790542
565.001				3180.55572818788	755.4765625	22.2638900973152
566.001				2784.73931764338	729.8671875	19.4931752235036
566.999				3002.66497773015	742.671875	21.0186548441111
568				3113.2887095285	703.09375	21.7930209666995
569.001				3070.99877160049	710.466145833333	21.4969914012034
570.001				3021.85019888663	746.940104166667	21.1529513922064
571.001				3310.82901760362	721.71875	23.1758031232254
572				2904.47461236974	701.153645833333	20.3313222865882
573.001				2848.99969071171	760.1328125	19.9429978349819
574				2579.55171119283	748.880208333333	18.0568619783498
575.001				3082.03121400388	756.640625	21.5742184980272
576.001				2524.70725391824	709.302083333333	17.6729507774277
577.001				2474.23083584895	732.583333333333	17.3196158509426
578.001				3118.25199448835	720.942708333333	21.8277639614185
579.001				2798.52330687342	697.2734375	19.5896631481139
580				2782.36669852231	737.239583333333	19.4765668896562
581.001				3032.29549874804	733.747395833333	21.2260684912363
582				3324.25030605531	723.270833333333	23.2697521423872
583.001				2844.60964488822	703.869791666667	19.9122675142175
584.001				2811.70299440259	755.864583333333	19.6819209608181
585.001				3084.58970959554	710.854166666667	21.5921279671688
586.001				2898.62443999978	744.611979166667	20.2903710799984
587.001				2711.43171588992	702.705729166667	18.9800220112295
588.001				2704.55456985864	747.328125	18.9318819890105
589.001				2501.23587833501	741.5078125	17.5086511483451
590.001				3086.32233129566	763.236979166667	21.6042563190696
591				2755.34685552287	733.747395833333	19.2874279886601
592.001				2897.50742173926	711.630208333333	20.2825519521748
593.001				2667.70930657224	719.002604166667	18.6739651460057
594				2940.28031857221	721.330729166667	20.5819622300055
595				3032.46708788707	765.953125	21.2272696152095
595.999				3243.37285157821	753.536458333333	22.7036099610475
597.001				3113.46960408996	717.0625	21.7942872286297
598				3105.87426200823	728.703125	21.7411198340576
599				2928.46737698359	741.119791666667	20.4992716388851
599.999				2713.31315297424	725.598958333333	18.9931920708197
