MIN=0	0	0	0	0	0
MAX=600	10000	511	511	1000	2000
SCALE=600	5	100	500	500	500
DEC=0	0	0	1	0	0
DEF="Time" t / s	"Events" N	"Channel" n	"Energy" E / keV	"Rate" R / 1/s	"Voltage" U / V
0	0	0	0		399.2734375
1	115	1	1	0	400.049479166667
1.999	735	2	2	0	400.049479166667
3.002	1946	3	3	1.11054966655746	399.2734375
4.001	2393	4	4	0	399.661458333333
5.001	2021	5	5	1.00232549538184	399.2734375
6.001	1702	6	6	0	399.661458333333
7.001	1603	7	7	1.00213474743899	399.2734375
8	1690	8	8	0	399.2734375
9.001	1861	9	9	0	399.2734375
10.001	1922	10	10	0	399.2734375
11.001	2019	11	11	0	399.2734375
12	2074	12	12	1.11048640081696	399.2734375
13.001	2147	13	13	0	399.2734375
14.001	2271	14	14	0	399.2734375
15.001	2280	15	15	0	399.2734375
16.001	2016	16	16	1.11097742349448	399.2734375
17.001	1818	17	17	0	399.2734375
18.001	1823	18	18	1.11050119917472	399.2734375
19	1937	19	19	1.00038494812804	399.2734375
20.001	2000	20	20	1.1110087748584	399.661458333333
21.001	1934	21	21	1.00053118200453	399.661458333333
22.001	1958	22	22	0	399.2734375
23.001	1961	23	23	0.99982633016645	399.2734375
24.001	2085	24	24	0	399.2734375
25.001	2260	25	25	0	400.049479166667
25.999	2416	26	26	0	399.661458333333
27	2557	27	27	0	399.2734375
28.001	2497	28	28	0	399.661458333333
29	2445	29	29	0	399.2734375
30	2513	30	30	0	399.2734375
31.001	2436	31	31	1.00120695498423	399.2734375
32	2449	32	32	0.999987200163838	399.2734375
33	2391	33	33	0	399.2734375
34	2222	34	34	0	399.2734375
35.001	2203	35	35	0	399.2734375
36.001	2209	36	36	0	399.2734375
37	2136	37	37	0	399.2734375
38.001	2224	38	38	0	399.2734375
39	2135	39	39	0	400.049479166667
40	2148	40	40	0	399.661458333333
41.001	2140	41	41	1.00055450730795	399.661458333333
42	2133	42	42	1.11097618922502	399.2734375
43.001	2306	43	43	0	399.2734375
44	2501	44	44	0	399.2734375
45.001	2971	45	45	0	399.2734375
46.001	3275	46	46	0	399.661458333333
47.001	3505	47	47	0	399.2734375
48	3332	48	48	0	399.2734375
49	2960	49	49	0.999965201210998	398.885416666667
50	2498	50	50	0	399.2734375
51.001	2214	51	51	1.99762622076187	399.2734375
51.999	2024	52	52	0	399.2734375
53	2064	53	53	0	399.2734375
54	2072	54	54	1.00028458096328	399.2734375
55.001	2016	55	55	1.11050563875896	399.2734375
56	1891	56	56	0	399.2734375
57.001	1783	57	57	0	399.2734375
58	1769	58	58	0	399.2734375
59.001	1652	59	59	0	399.2734375
60.001	1491	60	60	0.999132553117383	399.2734375
61.001	1299	61	61	0	400.049479166667
62.001	1163	62	62	2.00204108088196	399.2734375
63.001	1091	63	63	0	399.2734375
64	1057	64	64	0	399.2734375
65.001	960	65	65	0	399.2734375
66.001	897	66	66	0	399.2734375
67	886	67	67	1.10994529856585	399.2734375
68	850	68	68	0	399.2734375
69.001	850	69	69	0	399.2734375
70.001	816	70	70	0	400.049479166667
71	836	71	71	0.998732408826717	399.2734375
72	890	72	72	0	399.2734375
73.001	845	73	73	0.999715580917229	399.2734375
74	951	74	74	1.10970659246725	399.661458333333
75	1062	75	75	1.00212832012628	399.2734375
76.001	1288	76	76	0	399.661458333333
77.001	1661	77	77	0	399.2734375
78	2382	78	78	0	399.661458333333
79	3481	79	79	0	399.2734375
80	4862	80	80	0	399.2734375
81.001	6146	81	81	1.1105953012934	399.2734375
82.001	7526	82	82	0	399.2734375
83	8320	83	83	1.11105345978159	399.2734375
84.001	8470	84	84	0	399.2734375
85.001	84	85	85	0	399.2734375
86.001	6869	86	86	0	399.2734375
87	5268	87	87	1.00087256069842	399.661458333333
88	3985	88	88	0	399.2734375
89.001	2666	89	89	0	399.661458333333
90	1722	90	90	0	399.2734375
91.001	1090	91	91	1.0010059108398	399.2734375
92.001	747	92	92	0	400.049479166667
93	449	93	93	1.10835598443514	399.2734375
94	323	94	94	2.00104254316499	399.2734375
95	265	95	95	2.22037437732376	399.2734375
96	179	96	96	0	399.2734375
96.999	175	97	97	0.999792543047318	399.2734375
98	131	98	98	0	399.2734375
99	99	99	99	0	399.2734375
100	71	100	100	0	399.661458333333
101	92	101	101	2.22010522854762	399.2734375
102.001	69	102	102	0	399.2734375
103	94	103	103	0	399.2734375
104	91	104	104	0	399.661458333333
105.001	62	105	105	2.00194188362712	399.661458333333
106.001	61	106	106	0	399.2734375
107	81	107	107	0	399.2734375
108.001	58	108	108	1.11034719224285	399.2734375
109	61	109	109	1.11016044371781	399.2734375
110.001	65	110	110	0	399.2734375
111	60	111	111	0	399.2734375
112.001	56	112	112	0	399.2734375
113	57	113	113	0	399.2734375
114.001	63	114	114	0	399.2734375
115	47	115	115	0	399.661458333333
116.001	57	116	116	0	399.2734375
117.001	52	117	117	0	399.661458333333
118.001	57	118	118	0	399.2734375
119	54	119	119	2.00031885082482	399.2734375
120.001	65	120	120	0	399.2734375
121	47	121	121	0	399.2734375
122	36	122	122	2.00352239271864	399.2734375
123	49	123	123	0	399.2734375
124.001	30	124	124	0	399.2734375
124.999	41	125	125	0	399.2734375
126.001	49	126	126	0	399.2734375
127	48	127	127	0	399.2734375
128	51	128	128	0	399.2734375
129	48	129	129	0	399.2734375
130.001	33	130	130	0	399.2734375
131	50	131	131	0	400.4375
132.001	36	132	132	1.10972863583722	399.661458333333
133	47	133	133	1.11072346862056	399.2734375
134.001	40	134	134	0	399.2734375
135.001	30	135	135	0	399.2734375
136	41	136	136	0	399.2734375
137	37	137	137	0	399.2734375
138	34	138	138	0	399.2734375
139.001	36	139	139	0	399.2734375
140	30	140	140	0	399.2734375
141	22	141	141	0	399.2734375
142	24	142	142	0.999508142043301	399.2734375
143.001	26	143	143	0	399.2734375
144	34	144	144	1.0004043634437	399.2734375
145	28	145	145	0	399.2734375
146.001	27	146	146	0	399.2734375
147	21	147	147	0	399.661458333333
148.001	23	148	148	0	399.2734375
149	27	149	149	1.00144709104656	400.4375
150	23	150	150	0	399.661458333333
151	22	151	151	0	399.2734375
152	20	152	152	0	399.2734375
153	18	153	153	1.00123281796877	399.2734375
154	16	154	154	0	398.885416666667
155.001	13	155	155	0	399.2734375
156.001	20	156	156	0	399.2734375
157	16	157	157	1.10972986733623	399.2734375
158.001	15	158	158	0.998720638861618	399.2734375
159.001	18	159	159	1.00028618187663	399.2734375
160	16	160	160	0	399.661458333333
161.001	15	161	161	0	399.2734375
162.001	20	162	162	0	399.2734375
163	25	163	163	0	399.2734375
164.001	18	164	164	1.00039945950418	399.2734375
165.001	19	165	165	0	399.2734375
166	19	166	166	1.1107176702297	399.2734375
167	28	167	167	0	399.2734375
168.001	14	168	168	0	399.2734375
169	16	169	169	0	399.2734375
170	8	170	170	0	399.2734375
171.001	12	171	171	0	399.2734375
172.001	19	172	172	0	399.2734375
173.001	14	173	173	0	399.2734375
174	6	174	174	1.11061947688934	399.2734375
174.999	7	175	175	0	399.2734375
176.001	6	176	176	0	399.661458333333
177.001	5	177	177	0	399.661458333333
178.001	4	178	178	0	399.661458333333
179.001	0	179	179	0	399.2734375
180.001	3	180	180	0	399.661458333333
181	3	181	181	0	399.2734375
182.001	0	182	182	2.00329200975964	399.2734375
183	2	183	183	0	399.2734375
184.001	2	184	184	1.00049144139601	399.2734375
185.001	1	185	185	1.00154919629683	399.2734375
186	1	186	186	0	399.2734375
187	2	187	187	2.22210074738137	399.2734375
188.001	1	188	188	0	399.2734375
189	0	189	189	0	399.2734375
190	3	190	190	0.998650423817253	399.661458333333
190.999	0	191	191	0	399.2734375
192.001	0	192	192	1.10997055470112	399.661458333333
193.001	1	193	193	0	400.049479166667
194	0	194	194	1.0007469575291	399.2734375
195	0	195	195	0	399.2734375
196.001	0	196	196	0	399.2734375
197	0	197	197	1.11056853668269	399.2734375
198	0	198	198	1.00045060295157	399.2734375
199	1	199	199	0	399.2734375
200.001	0	200	200	0	399.2734375
201	0	201	201	0	399.661458333333
202	0	202	202	0	399.661458333333
203	0	203	203	1.00029298581555	399.661458333333
204	0	204	204	0	399.661458333333
205.001	0	205	205	0	399.2734375
206	0	206	206	0	399.2734375
207	0	207	207	0	399.2734375
208	0	208	208	0	399.2734375
209	0	209	209	1.00109980824934	399.2734375
210.001	0	210	210	0	399.2734375
211	1	211	211	0	399.2734375
212	0	212	212	0	399.2734375
213.001	0	213	213	0	399.2734375
214.001	1	214	214	0	399.661458333333
215	0	215	215	0	399.2734375
216	0	216	216	0	399.2734375
217.001	0	217	217	0	399.2734375
218	0	218	218	0	399.2734375
219.001	0	219	219	1.99573650809775	399.2734375
220.001	0	220	220	0	399.2734375
221.001	0	221	221	0	399.2734375
222.001	1	222	222	0	399.2734375
223.001	0	223	223	1.00002990089404	399.2734375
224.001	0	224	224	0	399.2734375
225	0	225	225	0	399.2734375
226.001	0	226	226	0	399.2734375
227.001	0	227	227	0	399.2734375
228.001	0	228	228	0	399.2734375
229.001	0	229	229	0	399.2734375
230	0	230	230	0	399.2734375
231	0	231	231	1.00026096808657	399.2734375
232	0	232	232	0.999620544041482	399.2734375
233	0	233	233	0	399.2734375
234.001	0	234	234	0	399.2734375
235.001	0	235	235	1.00103627274955	399.2734375
236	0	236	236	0	399.2734375
237.001	1	237	237	0	399.2734375
238	0	238	238	1.11027100604987	399.2734375
239	0	239	239	0	399.2734375
240.001	0	240	240	0	399.2734375
241.001	0	241	241	0.99858021864513	399.2734375
242	0	242	242	1.00161881633095	399.2734375
243	0	243	243	0	399.2734375
244	0	244	244	0	399.661458333333
245.001	0	245	245	0	399.661458333333
246.001	0	246	246	0	399.2734375
247.001	0	247	247	0	399.2734375
248.001	0	248	248	0	399.2734375
249.001	1	249	249	0	399.2734375
250	0	250	250	0	399.2734375
251	1	251	251	0	399.2734375
252	0	252	252	0	399.2734375
253.001	0	253	253	1.00052897967155	399.661458333333
254.001	0	254	254	0	399.661458333333
255	0	255	255	0	399.661458333333
256.001	0	256	256	0	399.2734375
257.001	0	257	257	0.998631076520306	399.2734375
258.001	0	258	258	0	399.2734375
259.001	0	259	259	0	398.885416666667
260	0	260	260	0	399.2734375
261	0	261	261	1.10967100474051	399.2734375
262.001	0	262	262	0	399.2734375
263.001	0	263	263	0	399.2734375
264.001	0	264	264	0	399.2734375
265	0	265	265	0	399.2734375
266.001	1	266	266	2.2209449321146	399.2734375
267	0	267	267	0	400.049479166667
268	0	268	268	0	399.2734375
269	0	269	269	0	398.497395833333
270	0	270	270	0	399.2734375
271	0	271	271	1.11103124030972	399.2734375
272.001	0	272	272	2.00180102037803	399.2734375
273.001	0	273	273	0	399.2734375
274.001	0	274	274	0	399.2734375
275	0	275	275	0	399.2734375
276	0	276	276	0	400.049479166667
277.001	0	277	277	0	399.661458333333
278	0	278	278	1.0005689234899	399.661458333333
279	0	279	279	0	399.2734375
280.001	0	280	280	0	399.2734375
281	0	281	281	0	399.2734375
282.001	0	282	282	0.999787145316762	399.2734375
283	0	283	283	0	399.2734375
284.001	0	284	284	0	399.2734375
285	0	285	285	0	399.2734375
286.001	0	286	286	0	399.2734375
287.001	0	287	287	0	399.2734375
288	0	288	288	0	399.2734375
289	0	289	289	0	399.2734375
290.001	0	290	290	1.11058827083294	399.2734375
291	0	291	291	0	399.2734375
292.001	0	292	292	0	399.2734375
293	0	293	293	1.00090872503146	399.2734375
294.001	0	294	294	0	399.2734375
295.001	0	295	295	0	399.2734375
296.001	0	296	296	0.999871616484443	399.2734375
297.001	0	297	297	0	399.2734375
298.001	0	298	298	0	400.049479166667
299	0	299	299	0.999753160944563	399.2734375
300	0	300	300	1.00060336382839	399.2734375
301	0	301	301	1.00099508921819	399.2734375
302	0	302	302	0	399.2734375
303.001	1	303	303	0	399.2734375
304	0	304	304	0	399.2734375
305	0	305	305	1.10992398574591	399.2734375
306	0	306	306	0	399.2734375
307.001	0	307	307	0	399.2734375
307.999	0	308	308	0	399.661458333333
309	0	309	309	0	399.2734375
310.001	0	310	310	0	399.2734375
311.001	0	311	311	0	399.2734375
312.001	1	312	312	0	399.2734375
313.001	0	313	313	0	399.2734375
314	0	314	314	0.999895910835682	398.885416666667
315.001	1	315	315	1.00203081585449	399.2734375
316.001	0	316	316	0	399.2734375
317	0	317	317	0	399.661458333333
318	0	318	318	0	399.2734375
319	0	319	319	0	400.049479166667
320	0	320	320	0	399.2734375
321	0	321	321	0	399.2734375
322.001	0	322	322	0	399.2734375
323	1	323	323	0	399.2734375
324	0	324	324	0	399.2734375
325	0	325	325	1.1085192698893	399.2734375
326.001	0	326	326	0	399.2734375
327	0	327	327	0	400.049479166667
328	0	328	328	0	399.2734375
329.001	0	329	329	0	399.2734375
330.001	0	330	330	1.11086733744539	399.2734375
331	0	331	331	1.00048543553332	399.2734375
332.001	0	332	332	1.11091633044784	399.2734375
333.001	0	333	333	0	399.2734375
334	0	334	334	0	399.2734375
335	0	335	335	1.00029138488042	399.2734375
336.001	0	336	336	0	400.4375
337	0	337	337	0	399.2734375
338	0	338	338	0	400.049479166667
339	0	339	339	0	399.2734375
340.001	0	340	340	0	399.661458333333
341	0	341	341	0	399.2734375
342.001	0	342	342	0	399.2734375
343	0	343	343	0	398.885416666667
344	0	344	344	1.00245340446208	399.2734375
345.001	0	345	345	0	399.2734375
346.001	0	346	346	0.998897716369986	399.2734375
347	0	347	347	0	399.661458333333
348.001	0	348	348	1.11040020822225	399.2734375
349	0	349	349	0	399.2734375
350.001	0	350	350	0	399.2734375
351.001	0	351	351	0	399.2734375
352.001	0	352	352	0	399.2734375
353	0	353	353	0	399.2734375
354.001	0	354	354	0	399.2734375
355.001	0	355	355	0	399.2734375
356.001	0	356	356	0	400.049479166667
357	0	357	357	0	400.049479166667
358	0	358	358	2.00280512886349	399.2734375
359	0	359	359	0	399.2734375
360.001	0	360	360	0	399.2734375
361	0	361	361	0	399.2734375
362.001	0	362	362	0	399.2734375
363.001	0	363	363	0	399.2734375
364	0	364	364	0	399.661458333333
365	0	365	365	0	399.661458333333
366	0	366	366	1.10995638648371	399.2734375
367.001	0	367	367	0.999147128011529	399.2734375
368	0	368	368	0	399.2734375
369.001	0	369	369	0	399.2734375
370.001	0	370	370	0	399.2734375
371	0	371	371	0.999959101672742	399.2734375
372	0	372	372	0	399.2734375
373.001	0	373	373	1.10962101338136	399.2734375
374.001	0	374	374	0	399.2734375
375.001	0	375	375	0	399.2734375
376	0	376	376	0	399.2734375
377	0	377	377	1.1110156872082	399.2734375
378	0	378	378	0	399.2734375
379	0	379	379	0	399.2734375
380.001	0	380	380	0	399.2734375
381	0	381	381	0	399.2734375
382	0	382	382	0	399.2734375
383.001	0	383	383	0	399.2734375
384	0	384	384	1.00210502180881	399.661458333333
385.001	0	385	385	0	399.2734375
386.002	0	386	386	0	399.2734375
387.001	0	387	387	0.999578078093237	399.2734375
388	0	388	388	0	399.2734375
389.001	0	389	389	1.00092224976093	399.2734375
390	0	390	390	0	399.2734375
391.001	0	391	391	0	399.2734375
392.001	0	392	392	2.00211082544326	399.2734375
393.001	0	393	393	2.00304924186088	399.2734375
394.001	0	394	394	0	399.2734375
395.001	0	395	395	0	400.049479166667
396.001	0	396	396	0	399.2734375
397.001	0	397	397	0	399.2734375
398	0	398	398	0	399.2734375
399.001	0	399	399	0	399.661458333333
400.001	0	400	400	0	399.2734375
401.001	0	401	401	0	399.2734375
402	0	402	402	1.00075096352303	399.2734375
403	0	403	403	0	399.661458333333
404	0	404	404	0	399.2734375
405.001	0	405	405	0	399.2734375
406	0	406	406	1.00225597798084	399.2734375
407	0	407	407	0	399.2734375
408	0	408	408	0	399.2734375
409	0	409	409	0	399.661458333333
410	0	410	410	0	399.2734375
411	0	411	411	1.00255340326277	399.2734375
412.001	0	412	412	0	399.2734375
413	0	413	413	1.11045446237236	399.2734375
414.001	0	414	414	0	399.2734375
415.001	0	415	415	0	399.2734375
416	0	416	416	0	399.2734375
417	0	417	417	0	399.2734375
418	0	418	418	0	399.2734375
419.001	0	419	419	0	399.2734375
420	0	420	420	0	399.2734375
421	0	421	421	1.00102975931341	399.2734375
422.001	0	422	422	0	399.2734375
423	0	423	423	0	398.885416666667
424	0	424	424	0	399.2734375
425.001	0	425	425	1.00008500722561	399.2734375
426	0	426	426	0	399.2734375
427	0	427	427	0	399.2734375
428	0	428	428	0	399.2734375
429.001	0	429	429	0	399.2734375
430	0	430	430	0	399.2734375
431	0	431	431	1.11089794213933	399.2734375
432.001	0	432	432	1.00065522904398	399.2734375
433.001	0	433	433	0	399.2734375
434	0	434	434	0	399.661458333333
435.001	0	435	435	0.999918706609153	399.2734375
436.001	0	436	436	0	399.2734375
437.001	0	437	437	1.10985327739673	399.2734375
438	0	438	438	0	399.2734375
439.001	0	439	439	0	399.2734375
440	0	440	440	0	399.2734375
441.001	0	441	441	0	399.2734375
442	0	442	442	0	399.2734375
443.001	0	443	443	0	399.661458333333
444.001	0	444	444	0	400.049479166667
445.001	0	445	445	0	400.049479166667
446.001	0	446	446	0	399.661458333333
447.001	0	447	447	0	399.2734375
448.001	0	448	448	1.0012949747909	399.2734375
449	0	449	449	0	399.2734375
450	0	450	450	1.10979575651836	399.2734375
451	0	451	451	0	399.2734375
452.001	0	452	452	0	399.2734375
453	0	453	453	0	399.2734375
454	0	454	454	0	399.2734375
455	0	455	455	0	399.661458333333
456	0	456	456	0	399.661458333333
457	0	457	457	0	399.2734375
458.001	0	458	458	0	399.2734375
459	0	459	459	1.00236789367523	399.2734375
460	0	460	460	0	399.2734375
461.001	0	461	461	0	399.2734375
462	0	462	462	0	399.2734375
463.001	0	463	463	0	399.2734375
464	0	464	464	0	399.2734375
465	0	465	465	0	399.2734375
466.001	0	466	466	1.11091238122958	399.2734375
467	0	467	467	1.10923453277821	399.2734375
468.001	0	468	468	0	399.2734375
469.001	0	469	469	0	399.2734375
470	0	470	470	0	399.2734375
471	0	471	471	0	399.2734375
472.001	0	472	472	0	399.2734375
473	0	473	473	0	399.2734375
474.001	0	474	474	1.00010091018184	399.2734375
475.001	0	475	475	0	399.2734375
476.001	0	476	476	1.00100861628177	399.2734375
477	0	477	477	0	398.885416666667
478	0	478	478	0	399.2734375
479.001	0	479	479	0	399.2734375
480.001	0	480	480	2.00011320640748	399.2734375
481	0	481	481	2.22195040362285	399.661458333333
482	0	482	482	0.998225853191124	399.2734375
483	0	483	483	1.11058950424062	399.661458333333
484.001	0	484	484	0	399.2734375
485.001	0	485	485	1.00075847484809	399.2734375
486.001	0	486	486	0	399.2734375
487	0	487	487	0	398.885416666667
488	0	488	488	1.00114410748603	399.2734375
489.001	0	489	489	2.21792314785397	399.2734375
490	0	490	490	0	399.2734375
491	0	491	491	0	399.661458333333
492.001	0	492	492	0	399.2734375
493	0	493	493	0	399.661458333333
494.001	0	494	494	2.2196649216031	399.2734375
495	0	495	495	2.22040617668149	399.2734375
496.001	0	496	496	0	399.2734375
497.001	0	497	497	0	399.2734375
498	0	498	498	2.00077910338286	399.661458333333
499	0	499	499	0	399.2734375
500	0	500	500	0	399.661458333333
501	0	501	501	0	399.661458333333
502.001	0	502	502	0	399.2734375
503.001	0	503	503	0	399.2734375
504	0	504	504	0	399.2734375
505	0	505	505	0	399.2734375
506.001	0	506	506	1.00057082565604	399.2734375
507	0	507	507	0	399.2734375
508.001	0	508	508	0	399.2734375
509	0	509	509	0	399.2734375
510.001	0	510	510	0	399.2734375
511.001	0	511	511	0	399.661458333333
512				0	399.2734375
513.001				1.00052948020092	445.447916666667
514.001				49.9586292591105	531.200520833333
515.001				631.404667251241	545.9453125
516.001				654.434544537573	545.557291666667
517				772.972719256109	545.169270833333
518.001				693.702762801573	589.791666666667
519.001				1202.91952901535	633.638020833333
520				1693.7340171206	682.528645833333
521.001				1796.48990279649	653.427083333333
522				1935.46561794289	642.950520833333
523				1902.00961981361	670.888020833333
524				1767.12779858227	642.5625
525				1762.28095086377	644.502604166667
525.999				2005.97752439283	642.950520833333
527.001				1692.81282260231	641.3984375
528.001				1271.37721762047	657.6953125
529.001				2067.76380252355	659.635416666667
530.001				1860.83052774642	659.247395833333
531				1555.98804575004	698.4375
532				2764.95488333223	706.5859375
533				2383.86883591699	712.794270833333
534.001				2797.09230404603	699.6015625
535.001				2818.29028389924	748.880208333333
536.001				2744.29805297906	705.421875
537.001				2709.802455401	751.208333333333
538				2420.03097062122	711.630208333333
539				2695.29477397056	743.8359375
540				3027.80585002735	720.166666666667
541				2736.11290293085	719.390625
542.001				2487.35328814508	740.34375
543				2755.01226326212	733.359375
544				3053.07319951084	727.927083333333
545				3284.33195943778	724.822916666667
546				2766.06140656323	722.106770833333
547.001				2631.02533943835	745.776041666667
548				2792.6041348965	720.942708333333
549				2981.35867311873	727.927083333333
550.001				2750.79508288372	726.375
551.001				3219.90972845995	745.388020833333
552.001				2772.75544296993	743.059895833333
553				2720.78875666056	745.776041666667
554				2886.22577875665	741.5078125
555				3248.03008726841	741.5078125
555.999				2869.79854014248	723.658854166667
557.001				2758.46972310292	719.778645833333
558.001				2092.95333147096	696.885416666667
559				2740.87967538225	725.986979166667
560.001				3062.0204328283	712.018229166667
561.001				2447.2651507003	738.403645833333
561.999				2132.12853563391	717.450520833333
563				2942.68038525229	734.911458333333
564.001				2743.32571298413	716.674479166667
565.001				3015.34494046776	724.046875
566.001				2472.56401079349	704.2578125
567.001				2743.12134558209	702.705729166667
568.001				2827.13538979199	701.541666666667
569				2762.86636562635	753.536458333333
570.001				3005.13592939185	711.630208333333
571				3003.45013700951	712.40625
572.001				3030.24102692832	741.895833333333
573				2637.04116427922	739.567708333333
574				2896.87834312983	719.390625
575.001				2874.39748953743	717.838541666667
576				3180.38768925932	717.0625
576.999				2633.49312794422	751.596354166667
578				2830.68677430375	700.377604166667
579				3142.2739926693	724.046875
580.001				2702.59805543854	743.447916666667
581.001				2590.30581381477	700.765625
582				2801.30624910396	721.71875
583				2778.97218399734	714.734375
584				2934.70992076283	717.838541666667
584.999				2537.8388891948	704.2578125
586.001				2921.5872346408	723.658854166667
587.001				3145.83798423596	736.463541666667
588.001				2842.75544144573	720.5546875
589.001				2747.47638186597	750.8203125
590.001				3074.44542054695	736.463541666667
591				3099.79163313927	721.71875
592.001				2892.96538254816	698.4375
593				2943.93841414148	720.166666666667
593.999				2803.23745894133	743.059895833333
595				2979.91404751459	695.721354166667
596				3037.33567669595	731.419270833333
597				3152.95637144105	758.96875
598.001				2817.92216253051	724.822916666667
599				2929.4803910471	733.747395833333
600				3186.2354628007	738.791666666667
