MIN=0	0	0	0	0	0	0
MAX=100	100	2047	2047	1000	100	2000
SCALE=100	5	100	500	500	50	500
DEC=0	0	0	1	0	0	0
DEF="Time" t / s	"Events" N	"Channel" n	"Energy" E / keV	"Rate" R / 1/s	"Dead time" t / %	"Voltage" U / V
0	0	0	0			696.109375
1	0	1	1	120.969551857684	0.846786863003786	696.109375
1.999	0	2	2	148.80924287523	1.04166470012661	698.049479166667
3	0	3	3	151.240245129388	1.05868171590572	696.109375
4	0	4	4	114.175029433325	0.799225206033275	697.661458333333
5	0	5	5	132.018482587562	0.924129378112936	696.497395833333
5.999	0	6	6	109.085719558429	0.763600036909003	699.213541666667
7.001	0	7	7	136.665937781665	0.956661564471656	696.497395833333
8	0	8	8	137.626617875811	0.963386325130676	696.885416666667
9	0	9	9	107.981988604301	0.755873920230106	696.109375
10	0	10	10	112.271449911596	0.785900149381174	696.109375
11	0	11	11	120.813225966952	0.845692581768663	696.109375
12	2	12	12	117.766943219002	0.824368602533011	697.2734375
13.001	9	13	13	139.984461724749	0.97989123207324	696.497395833333
14	7	14	14	109.210667377371	0.764474671641597	698.049479166667
15.001	5	15	15	129.551951772127	0.906863662404887	696.109375
16	6	16	16	125.413851837851	0.877896962864958	697.661458333333
17	5	17	17	116.64222364069	0.816495565484833	701.153645833333
18.001	8	18	18	122.877356110866	0.86014149277606	696.109375
19.001	14	19	19	134.291156656747	0.940038096597232	696.497395833333
20	8	20	20	115.30447365836	0.807131315608523	696.497395833333
20.999	11	21	21	132.187868064066	0.925315076448465	696.109375
21.999	12	22	22	108.86034328776	0.762022403014321	696.109375
23	10	23	23	119.197080452821	0.834379563169745	696.109375
24	4	24	24	121.006265904275	0.847043861329928	696.497395833333
24.999	11	25	25	127.036167196801	0.889253170377606	696.109375
26	12	26	26	125.889079132376	0.881223553926635	696.497395833333
26.999	12	27	27	109.099968300954	0.763699778106679	696.885416666667
28.001	6	28	28	117.515105402735	0.822605737819143	697.661458333333
29	7	29	29	129.245113357482	0.904715793502377	696.109375
30	15	30	30	114.267114578964	0.799869802052748	696.109375
31.001	8	31	31	112.188892438198	0.785322247067387	696.109375
32.001	7	32	32	81.044357575255	0.567310503026785	697.2734375
32.999	21	33	33	152.055941380834	1.06439158966584	697.2734375
34	10	34	34	121.983239502892	0.853882676520246	696.497395833333
35	12	35	35	128.091008661654	0.896637060631579	696.109375
36	11	36	36	147.709601590555	1.03396721113388	696.497395833333
37	10	37	37	109.869903047801	0.769089321334608	696.497395833333
38.001	8	38	38	135.410004845902	0.947870033921316	697.2734375
39	9	39	39	121.12553450396	0.847878741527719	696.109375
39.999	9	40	40	112.19029784969	0.785332084947827	699.6015625
41	14	41	41	125.080201425154	0.875561409976077	698.049479166667
42	15	42	42	105.418944316937	0.737932610218558	696.109375
43.001	11	43	43	127.955433122643	0.895688031858504	696.885416666667
44	17	44	44	138.866824493442	0.972067771454091	696.109375
45	10	45	45	122.18675022905	0.855307251603351	695.333333333333
46	11	46	46	125.509047480739	0.878563332365173	696.109375
47.001	14	47	47	118.629038570403	0.830403269992818	696.885416666667
48	4	48	48	118.417326341493	0.828921284390449	696.497395833333
49	23	49	49	129.651712283569	0.907561985984982	696.109375
50.001	5	50	50	115.086153494506	0.805603074461542	696.109375
50.999	12	51	51	124.437171783071	0.871060202481499	696.109375
52	10	52	52	114.920957365524	0.804446701558668	698.825520833333
53.001	8	53	53	131.984505019111	0.923891535133775	696.109375
54	15	54	54	120.046409942084	0.840324869594585	696.109375
55	12	55	55	108.83878676738	0.761871507371662	696.109375
56.001	9	56	56	105.434048671908	0.738038340703358	697.661458333333
57.001	20	57	57	107.630001785327	0.753410012497286	696.109375
58	16	58	58	125.947429542909	0.881632006800362	696.109375
59.001	8	59	59	112.020712629765	0.784144988408357	697.661458333333
60.001	18	60	60	118.17831926594	0.827248234861583	696.109375
60.999	8	61	61	138.796296337421	0.971574074361948	696.109375
62	11	62	62	134.968795214546	0.944781566501825	699.213541666667
63	12	63	63	116.643299125742	0.816503093880193	696.109375
63.999	19	64	64	127.713935000715	0.893997545005002	696.109375
65	15	65	65	91.1581137482964	0.638106796238075	696.109375
66	12	66	66	104.944243123628	0.734609701865399	696.109375
67	10	67	67	104.355185975374	0.730486301827615	696.497395833333
68.001	10	68	68	111.871113290378	0.783097793032647	696.109375
69.001	12	69	69	146.358563845565	1.02450994691896	696.885416666667
70	19	70	70	129.905284613596	0.909336992295173	699.213541666667
70.999	17	71	71	127.938717354387	0.895571021480711	696.497395833333
72.001	10	72	72	115.045811242037	0.805320678694256	696.109375
73.001	12	73	73	122.116035545092	0.854812248815641	696.109375
74	16	74	74	124.057177953319	0.868400245673231	695.721354166667
75	12	75	75	119.161547309688	0.834130831167814	695.333333333333
76	15	76	76	132.063628478156	0.924445399347095	695.721354166667
77	16	77	77	125.523965357607	0.878667757503251	696.497395833333
78.001	20	78	78	117.700657691288	0.823904603839018	695.721354166667
79	10	79	79	135.068439178132	0.945479074246921	696.109375
80	8	80	80	95.3324986936122	0.667327490855286	696.109375
81	15	81	81	139.96841379462	0.979778896562342	696.109375
82	14	82	82	123.251124165487	0.86275786915841	699.213541666667
82.999	20	83	83	132.092067505041	0.924644472535284	698.4375
83.999	24	84	84	103.250572263521	0.722754005844648	699.6015625
85	18	85	85	134.299237124838	0.940094659873863	698.049479166667
86.001	14	86	86	138.158675238511	0.96711072666958	697.2734375
87.001	21	87	87	115.052061057629	0.8053644274034	697.2734375
88	15	88	88	117.738283124805	0.824167981873636	696.109375
89	21	89	89	148.849691803381	1.04194784262366	698.049479166667
90	31	90	90	129.933791514679	0.909536540602755	705.033854166667
91	25	91	91	130.075222501172	0.910526557508207	696.497395833333
92	18	92	92	123.209015436758	0.862463108057304	699.989583333333
93.001	24	93	93	114.001288214557	0.798009017501898	696.109375
94.001	19	94	94	123.210529832324	0.862473708826271	696.109375
95	40	95	95	104.327458587548	0.730292210112838	696.109375
96	28	96	96	112.933008139572	0.790531056977001	696.885416666667
97	30	97	97	136.021681856088	0.952151772992615	696.109375
98.001	38	98	98	133.108675468848	0.931760728281933	696.497395833333
99	40	99	99	126.220937128349	0.883546559898446	696.109375
99.999	35	100	100	108.91967174209	0.762437702194631	696.109375
	27	101	101			
	38	102	102			
	24	103	103			
	14	104	104			
	23	105	105			
	30	106	106			
	24	107	107			
	31	108	108			
	21	109	109			
	31	110	110			
	21	111	111			
	19	112	112			
	23	113	113			
	17	114	114			
	18	115	115			
	14	116	116			
	24	117	117			
	14	118	118			
	24	119	119			
	18	120	120			
	17	121	121			
	19	122	122			
	19	123	123			
	22	124	124			
	27	125	125			
	15	126	126			
	12	127	127			
	11	128	128			
	13	129	129			
	26	130	130			
	21	131	131			
	25	132	132			
	12	133	133			
	14	134	134			
	17	135	135			
	19	136	136			
	14	137	137			
	13	138	138			
	14	139	139			
	15	140	140			
	20	141	141			
	12	142	142			
	17	143	143			
	19	144	144			
	17	145	145			
	19	146	146			
	13	147	147			
	21	148	148			
	15	149	149			
	21	150	150			
	12	151	151			
	27	152	152			
	20	153	153			
	17	154	154			
	19	155	155			
	14	156	156			
	16	157	157			
	21	158	158			
	20	159	159			
	20	160	160			
	19	161	161			
	12	162	162			
	19	163	163			
	26	164	164			
	14	165	165			
	23	166	166			
	19	167	167			
	16	168	168			
	16	169	169			
	19	170	170			
	25	171	171			
	13	172	172			
	22	173	173			
	17	174	174			
	21	175	175			
	21	176	176			
	17	177	177			
	15	178	178			
	19	179	179			
	12	180	180			
	23	181	181			
	16	182	182			
	18	183	183			
	18	184	184			
	13	185	185			
	16	186	186			
	21	187	187			
	18	188	188			
	20	189	189			
	22	190	190			
	14	191	191			
	16	192	192			
	16	193	193			
	12	194	194			
	19	195	195			
	25	196	196			
	19	197	197			
	14	198	198			
	16	199	199			
	19	200	200			
	18	201	201			
	18	202	202			
	14	203	203			
	12	204	204			
	18	205	205			
	21	206	206			
	20	207	207			
	20	208	208			
	17	209	209			
	16	210	210			
	22	211	211			
	27	212	212			
	19	213	213			
	16	214	214			
	17	215	215			
	22	216	216			
	19	217	217			
	15	218	218			
	16	219	219			
	12	220	220			
	17	221	221			
	24	222	222			
	19	223	223			
	16	224	224			
	17	225	225			
	19	226	226			
	16	227	227			
	16	228	228			
	17	229	229			
	21	230	230			
	15	231	231			
	16	232	232			
	19	233	233			
	11	234	234			
	16	235	235			
	19	236	236			
	14	237	237			
	18	238	238			
	10	239	239			
	25	240	240			
	12	241	241			
	20	242	242			
	14	243	243			
	14	244	244			
	21	245	245			
	15	246	246			
	12	247	247			
	15	248	248			
	14	249	249			
	17	250	250			
	22	251	251			
	18	252	252			
	16	253	253			
	17	254	254			
	22	255	255			
	11	256	256			
	13	257	257			
	16	258	258			
	14	259	259			
	18	260	260			
	10	261	261			
	19	262	262			
	15	263	263			
	25	264	264			
	16	265	265			
	16	266	266			
	10	267	267			
	18	268	268			
	14	269	269			
	20	270	270			
	12	271	271			
	23	272	272			
	21	273	273			
	8	274	274			
	17	275	275			
	12	276	276			
	11	277	277			
	7	278	278			
	10	279	279			
	13	280	280			
	12	281	281			
	15	282	282			
	13	283	283			
	10	284	284			
	13	285	285			
	20	286	286			
	19	287	287			
	12	288	288			
	17	289	289			
	15	290	290			
	13	291	291			
	19	292	292			
	11	293	293			
	19	294	294			
	17	295	295			
	18	296	296			
	15	297	297			
	11	298	298			
	16	299	299			
	19	300	300			
	8	301	301			
	10	302	302			
	15	303	303			
	12	304	304			
	15	305	305			
	16	306	306			
	13	307	307			
	11	308	308			
	15	309	309			
	8	310	310			
	20	311	311			
	11	312	312			
	12	313	313			
	10	314	314			
	7	315	315			
	14	316	316			
	12	317	317			
	12	318	318			
	12	319	319			
	23	320	320			
	16	321	321			
	14	322	322			
	14	323	323			
	10	324	324			
	16	325	325			
	14	326	326			
	14	327	327			
	11	328	328			
	19	329	329			
	15	330	330			
	10	331	331			
	15	332	332			
	21	333	333			
	20	334	334			
	14	335	335			
	10	336	336			
	12	337	337			
	20	338	338			
	18	339	339			
	17	340	340			
	14	341	341			
	15	342	342			
	14	343	343			
	16	344	344			
	16	345	345			
	19	346	346			
	21	347	347			
	16	348	348			
	14	349	349			
	12	350	350			
	17	351	351			
	12	352	352			
	22	353	353			
	22	354	354			
	13	355	355			
	13	356	356			
	18	357	357			
	17	358	358			
	13	359	359			
	18	360	360			
	11	361	361			
	23	362	362			
	16	363	363			
	12	364	364			
	21	365	365			
	13	366	366			
	15	367	367			
	29	368	368			
	16	369	369			
	20	370	370			
	18	371	371			
	15	372	372			
	16	373	373			
	15	374	374			
	14	375	375			
	8	376	376			
	11	377	377			
	11	378	378			
	18	379	379			
	19	380	380			
	9	381	381			
	14	382	382			
	12	383	383			
	16	384	384			
	14	385	385			
	8	386	386			
	17	387	387			
	18	388	388			
	15	389	389			
	14	390	390			
	10	391	391			
	17	392	392			
	13	393	393			
	15	394	394			
	13	395	395			
	8	396	396			
	10	397	397			
	17	398	398			
	12	399	399			
	12	400	400			
	15	401	401			
	17	402	402			
	13	403	403			
	15	404	404			
	19	405	405			
	12	406	406			
	19	407	407			
	14	408	408			
	14	409	409			
	15	410	410			
	18	411	411			
	12	412	412			
	14	413	413			
	11	414	414			
	10	415	415			
	17	416	416			
	21	417	417			
	18	418	418			
	14	419	419			
	19	420	420			
	20	421	421			
	17	422	422			
	20	423	423			
	19	424	424			
	13	425	425			
	15	426	426			
	13	427	427			
	11	428	428			
	16	429	429			
	14	430	430			
	14	431	431			
	15	432	432			
	17	433	433			
	21	434	434			
	11	435	435			
	9	436	436			
	14	437	437			
	21	438	438			
	16	439	439			
	16	440	440			
	20	441	441			
	24	442	442			
	17	443	443			
	18	444	444			
	18	445	445			
	18	446	446			
	16	447	447			
	21	448	448			
	8	449	449			
	16	450	450			
	8	451	451			
	8	452	452			
	11	453	453			
	20	454	454			
	19	455	455			
	11	456	456			
	17	457	457			
	17	458	458			
	13	459	459			
	12	460	460			
	20	461	461			
	13	462	462			
	14	463	463			
	14	464	464			
	16	465	465			
	11	466	466			
	18	467	467			
	14	468	468			
	14	469	469			
	12	470	470			
	14	471	471			
	20	472	472			
	13	473	473			
	18	474	474			
	22	475	475			
	17	476	476			
	15	477	477			
	15	478	478			
	11	479	479			
	19	480	480			
	16	481	481			
	19	482	482			
	18	483	483			
	16	484	484			
	11	485	485			
	9	486	486			
	17	487	487			
	21	488	488			
	11	489	489			
	19	490	490			
	10	491	491			
	11	492	492			
	11	493	493			
	8	494	494			
	12	495	495			
	12	496	496			
	10	497	497			
	8	498	498			
	20	499	499			
	12	500	500			
	14	501	501			
	25	502	502			
	18	503	503			
	23	504	504			
	16	505	505			
	12	506	506			
	17	507	507			
	16	508	508			
	12	509	509			
	14	510	510			
	11	511	511			
	10	512	512			
	14	513	513			
	7	514	514			
	13	515	515			
	16	516	516			
	16	517	517			
	16	518	518			
	14	519	519			
	11	520	520			
	11	521	521			
	13	522	522			
	15	523	523			
	13	524	524			
	16	525	525			
	10	526	526			
	6	527	527			
	13	528	528			
	7	529	529			
	9	530	530			
	12	531	531			
	14	532	532			
	10	533	533			
	16	534	534			
	15	535	535			
	20	536	536			
	18	537	537			
	12	538	538			
	12	539	539			
	11	540	540			
	1	541	541			
	9	542	542			
	6	543	543			
	10	544	544			
	18	545	545			
	12	546	546			
	10	547	547			
	10	548	548			
	11	549	549			
	10	550	550			
	12	551	551			
	6	552	552			
	16	553	553			
	5	554	554			
	7	555	555			
	10	556	556			
	8	557	557			
	6	558	558			
	6	559	559			
	14	560	560			
	15	561	561			
	11	562	562			
	12	563	563			
	13	564	564			
	10	565	565			
	16	566	566			
	12	567	567			
	10	568	568			
	7	569	569			
	10	570	570			
	12	571	571			
	8	572	572			
	7	573	573			
	5	574	574			
	11	575	575			
	10	576	576			
	7	577	577			
	7	578	578			
	8	579	579			
	11	580	580			
	11	581	581			
	11	582	582			
	10	583	583			
	12	584	584			
	9	585	585			
	8	586	586			
	9	587	587			
	12	588	588			
	11	589	589			
	8	590	590			
	10	591	591			
	12	592	592			
	5	593	593			
	10	594	594			
	6	595	595			
	13	596	596			
	10	597	597			
	13	598	598			
	10	599	599			
	13	600	600			
	12	601	601			
	6	602	602			
	7	603	603			
	12	604	604			
	7	605	605			
	7	606	606			
	8	607	607			
	6	608	608			
	8	609	609			
	9	610	610			
	11	611	611			
	9	612	612			
	7	613	613			
	7	614	614			
	12	615	615			
	17	616	616			
	6	617	617			
	13	618	618			
	13	619	619			
	13	620	620			
	12	621	621			
	12	622	622			
	12	623	623			
	13	624	624			
	11	625	625			
	16	626	626			
	8	627	627			
	6	628	628			
	19	629	629			
	12	630	630			
	12	631	631			
	17	632	632			
	19	633	633			
	17	634	634			
	14	635	635			
	20	636	636			
	27	637	637			
	17	638	638			
	13	639	639			
	22	640	640			
	26	641	641			
	26	642	642			
	35	643	643			
	23	644	644			
	21	645	645			
	21	646	646			
	17	647	647			
	30	648	648			
	24	649	649			
	33	650	650			
	19	651	651			
	34	652	652			
	31	653	653			
	24	654	654			
	28	655	655			
	34	656	656			
	34	657	657			
	30	658	658			
	30	659	659			
	31	660	660			
	54	661	661			
	38	662	662			
	29	663	663			
	42	664	664			
	38	665	665			
	40	666	666			
	29	667	667			
	38	668	668			
	39	669	669			
	40	670	670			
	33	671	671			
	45	672	672			
	33	673	673			
	40	674	674			
	45	675	675			
	39	676	676			
	40	677	677			
	38	678	678			
	38	679	679			
	42	680	680			
	41	681	681			
	46	682	682			
	37	683	683			
	45	684	684			
	39	685	685			
	37	686	686			
	41	687	687			
	47	688	688			
	31	689	689			
	47	690	690			
	43	691	691			
	46	692	692			
	33	693	693			
	45	694	694			
	34	695	695			
	29	696	696			
	39	697	697			
	37	698	698			
	30	699	699			
	32	700	700			
	34	701	701			
	26	702	702			
	30	703	703			
	24	704	704			
	15	705	705			
	33	706	706			
	29	707	707			
	18	708	708			
	18	709	709			
	20	710	710			
	18	711	711			
	20	712	712			
	17	713	713			
	15	714	714			
	14	715	715			
	15	716	716			
	11	717	717			
	13	718	718			
	8	719	719			
	8	720	720			
	7	721	721			
	7	722	722			
	10	723	723			
	14	724	724			
	6	725	725			
	6	726	726			
	7	727	727			
	3	728	728			
	4	729	729			
	10	730	730			
	3	731	731			
	4	732	732			
	3	733	733			
	10	734	734			
	3	735	735			
	3	736	736			
	2	737	737			
	5	738	738			
	2	739	739			
	2	740	740			
	1	741	741			
	3	742	742			
	0	743	743			
	1	744	744			
	3	745	745			
	1	746	746			
	3	747	747			
	0	748	748			
	1	749	749			
	0	750	750			
	0	751	751			
	0	752	752			
	1	753	753			
	0	754	754			
	2	755	755			
	0	756	756			
	1	757	757			
	0	758	758			
	0	759	759			
	0	760	760			
	0	761	761			
	1	762	762			
	0	763	763			
	0	764	764			
	0	765	765			
	0	766	766			
	0	767	767			
	0	768	768			
	0	769	769			
	1	770	770			
	1	771	771			
	0	772	772			
	0	773	773			
	1	774	774			
	0	775	775			
	0	776	776			
	0	777	777			
	0	778	778			
	0	779	779			
	0	780	780			
	0	781	781			
	0	782	782			
	0	783	783			
	0	784	784			
	1	785	785			
	0	786	786			
	0	787	787			
	0	788	788			
	0	789	789			
	0	790	790			
	0	791	791			
	0	792	792			
	0	793	793			
	0	794	794			
	0	795	795			
	1	796	796			
	0	797	797			
	0	798	798			
	0	799	799			
	1	800	800			
	0	801	801			
	0	802	802			
	2	803	803			
	0	804	804			
	1	805	805			
	1	806	806			
	0	807	807			
	0	808	808			
	0	809	809			
	0	810	810			
	0	811	811			
	1	812	812			
	0	813	813			
	0	814	814			
	0	815	815			
	0	816	816			
	0	817	817			
	1	818	818			
	0	819	819			
	0	820	820			
	0	821	821			
	1	822	822			
	0	823	823			
	0	824	824			
	1	825	825			
	1	826	826			
	0	827	827			
	0	828	828			
	0	829	829			
	0	830	830			
	1	831	831			
	0	832	832			
	0	833	833			
	0	834	834			
	0	835	835			
	1	836	836			
	0	837	837			
	0	838	838			
	1	839	839			
	1	840	840			
	1	841	841			
	0	842	842			
	2	843	843			
	0	844	844			
	1	845	845			
	0	846	846			
	0	847	847			
	0	848	848			
	0	849	849			
	0	850	850			
	1	851	851			
	0	852	852			
	0	853	853			
	0	854	854			
	0	855	855			
	1	856	856			
	0	857	857			
	2	858	858			
	0	859	859			
	0	860	860			
	0	861	861			
	1	862	862			
	0	863	863			
	0	864	864			
	0	865	865			
	0	866	866			
	0	867	867			
	0	868	868			
	2	869	869			
	0	870	870			
	1	871	871			
	0	872	872			
	0	873	873			
	0	874	874			
	0	875	875			
	0	876	876			
	0	877	877			
	0	878	878			
	1	879	879			
	0	880	880			
	0	881	881			
	0	882	882			
	0	883	883			
	0	884	884			
	0	885	885			
	0	886	886			
	1	887	887			
	0	888	888			
	0	889	889			
	0	890	890			
	0	891	891			
	0	892	892			
	0	893	893			
	1	894	894			
	1	895	895			
	1	896	896			
	2	897	897			
	0	898	898			
	0	899	899			
	0	900	900			
	0	901	901			
	1	902	902			
	0	903	903			
	0	904	904			
	0	905	905			
	2	906	906			
	1	907	907			
	0	908	908			
	0	909	909			
	1	910	910			
	0	911	911			
	0	912	912			
	0	913	913			
	0	914	914			
	0	915	915			
	1	916	916			
	1	917	917			
	1	918	918			
	1	919	919			
	0	920	920			
	0	921	921			
	0	922	922			
	0	923	923			
	0	924	924			
	0	925	925			
	0	926	926			
	1	927	927			
	0	928	928			
	1	929	929			
	1	930	930			
	0	931	931			
	1	932	932			
	0	933	933			
	0	934	934			
	1	935	935			
	0	936	936			
	1	937	937			
	1	938	938			
	0	939	939			
	0	940	940			
	1	941	941			
	3	942	942			
	0	943	943			
	0	944	944			
	0	945	945			
	1	946	946			
	0	947	947			
	1	948	948			
	1	949	949			
	0	950	950			
	0	951	951			
	0	952	952			
	0	953	953			
	1	954	954			
	0	955	955			
	0	956	956			
	0	957	957			
	0	958	958			
	0	959	959			
	1	960	960			
	0	961	961			
	1	962	962			
	0	963	963			
	0	964	964			
	1	965	965			
	0	966	966			
	0	967	967			
	1	968	968			
	0	969	969			
	0	970	970			
	0	971	971			
	0	972	972			
	0	973	973			
	0	974	974			
	1	975	975			
	0	976	976			
	0	977	977			
	0	978	978			
	0	979	979			
	1	980	980			
	1	981	981			
	0	982	982			
	0	983	983			
	0	984	984			
	0	985	985			
	0	986	986			
	1	987	987			
	0	988	988			
	1	989	989			
	1	990	990			
	0	991	991			
	0	992	992			
	0	993	993			
	1	994	994			
	0	995	995			
	1	996	996			
	0	997	997			
	1	998	998			
	0	999	999			
	0	1000	1000			
	0	1001	1001			
	0	1002	1002			
	0	1003	1003			
	1	1004	1004			
	0	1005	1005			
	0	1006	1006			
	0	1007	1007			
	0	1008	1008			
	0	1009	1009			
	1	1010	1010			
	0	1011	1011			
	1	1012	1012			
	0	1013	1013			
	0	1014	1014			
	0	1015	1015			
	0	1016	1016			
	1	1017	1017			
	0	1018	1018			
	0	1019	1019			
	1	1020	1020			
	0	1021	1021			
	0	1022	1022			
	0	1023	1023			
	0	1024	1024			
	0	1025	1025			
	0	1026	1026			
	0	1027	1027			
	0	1028	1028			
	0	1029	1029			
	0	1030	1030			
	0	1031	1031			
	0	1032	1032			
	0	1033	1033			
	1	1034	1034			
	0	1035	1035			
	0	1036	1036			
	1	1037	1037			
	0	1038	1038			
	0	1039	1039			
	2	1040	1040			
	1	1041	1041			
	0	1042	1042			
	0	1043	1043			
	0	1044	1044			
	0	1045	1045			
	0	1046	1046			
	0	1047	1047			
	1	1048	1048			
	0	1049	1049			
	0	1050	1050			
	0	1051	1051			
	0	1052	1052			
	0	1053	1053			
	0	1054	1054			
	0	1055	1055			
	0	1056	1056			
	0	1057	1057			
	0	1058	1058			
	0	1059	1059			
	0	1060	1060			
	0	1061	1061			
	1	1062	1062			
	0	1063	1063			
	0	1064	1064			
	1	1065	1065			
	0	1066	1066			
	0	1067	1067			
	0	1068	1068			
	0	1069	1069			
	0	1070	1070			
	0	1071	1071			
	1	1072	1072			
	0	1073	1073			
	0	1074	1074			
	0	1075	1075			
	0	1076	1076			
	0	1077	1077			
	0	1078	1078			
	1	1079	1079			
	0	1080	1080			
	0	1081	1081			
	0	1082	1082			
	1	1083	1083			
	0	1084	1084			
	0	1085	1085			
	1	1086	1086			
	0	1087	1087			
	0	1088	1088			
	0	1089	1089			
	1	1090	1090			
	0	1091	1091			
	1	1092	1092			
	0	1093	1093			
	1	1094	1094			
	0	1095	1095			
	0	1096	1096			
	0	1097	1097			
	1	1098	1098			
	0	1099	1099			
	0	1100	1100			
	0	1101	1101			
	0	1102	1102			
	1	1103	1103			
	0	1104	1104			
	0	1105	1105			
	0	1106	1106			
	0	1107	1107			
	1	1108	1108			
	0	1109	1109			
	0	1110	1110			
	0	1111	1111			
	0	1112	1112			
	0	1113	1113			
	0	1114	1114			
	0	1115	1115			
	0	1116	1116			
	0	1117	1117			
	0	1118	1118			
	1	1119	1119			
	0	1120	1120			
	0	1121	1121			
	0	1122	1122			
	0	1123	1123			
	0	1124	1124			
	0	1125	1125			
	0	1126	1126			
	0	1127	1127			
	1	1128	1128			
	0	1129	1129			
	0	1130	1130			
	1	1131	1131			
	0	1132	1132			
	0	1133	1133			
	1	1134	1134			
	0	1135	1135			
	0	1136	1136			
	0	1137	1137			
	0	1138	1138			
	0	1139	1139			
	0	1140	1140			
	0	1141	1141			
	0	1142	1142			
	0	1143	1143			
	0	1144	1144			
	1	1145	1145			
	1	1146	1146			
	0	1147	1147			
	0	1148	1148			
	0	1149	1149			
	0	1150	1150			
	0	1151	1151			
	0	1152	1152			
	0	1153	1153			
	0	1154	1154			
	1	1155	1155			
	0	1156	1156			
	0	1157	1157			
	0	1158	1158			
	0	1159	1159			
	0	1160	1160			
	2	1161	1161			
	0	1162	1162			
	0	1163	1163			
	0	1164	1164			
	0	1165	1165			
	0	1166	1166			
	0	1167	1167			
	0	1168	1168			
	0	1169	1169			
	1	1170	1170			
	0	1171	1171			
	1	1172	1172			
	1	1173	1173			
	0	1174	1174			
	0	1175	1175			
	0	1176	1176			
	0	1177	1177			
	0	1178	1178			
	0	1179	1179			
	0	1180	1180			
	1	1181	1181			
	0	1182	1182			
	0	1183	1183			
	0	1184	1184			
	0	1185	1185			
	0	1186	1186			
	0	1187	1187			
	0	1188	1188			
	0	1189	1189			
	0	1190	1190			
	0	1191	1191			
	0	1192	1192			
	0	1193	1193			
	0	1194	1194			
	1	1195	1195			
	0	1196	1196			
	0	1197	1197			
	1	1198	1198			
	0	1199	1199			
	0	1200	1200			
	0	1201	1201			
	0	1202	1202			
	0	1203	1203			
	0	1204	1204			
	0	1205	1205			
	0	1206	1206			
	0	1207	1207			
	0	1208	1208			
	1	1209	1209			
	0	1210	1210			
	0	1211	1211			
	0	1212	1212			
	0	1213	1213			
	1	1214	1214			
	0	1215	1215			
	2	1216	1216			
	0	1217	1217			
	0	1218	1218			
	0	1219	1219			
	0	1220	1220			
	0	1221	1221			
	2	1222	1222			
	1	1223	1223			
	1	1224	1224			
	0	1225	1225			
	0	1226	1226			
	1	1227	1227			
	0	1228	1228			
	0	1229	1229			
	0	1230	1230			
	0	1231	1231			
	0	1232	1232			
	0	1233	1233			
	0	1234	1234			
	0	1235	1235			
	0	1236	1236			
	0	1237	1237			
	1	1238	1238			
	1	1239	1239			
	0	1240	1240			
	0	1241	1241			
	1	1242	1242			
	0	1243	1243			
	0	1244	1244			
	0	1245	1245			
	0	1246	1246			
	0	1247	1247			
	0	1248	1248			
	0	1249	1249			
	0	1250	1250			
	0	1251	1251			
	0	1252	1252			
	0	1253	1253			
	0	1254	1254			
	1	1255	1255			
	0	1256	1256			
	1	1257	1257			
	0	1258	1258			
	0	1259	1259			
	0	1260	1260			
	0	1261	1261			
	0	1262	1262			
	0	1263	1263			
	1	1264	1264			
	0	1265	1265			
	0	1266	1266			
	0	1267	1267			
	0	1268	1268			
	0	1269	1269			
	0	1270	1270			
	1	1271	1271			
	0	1272	1272			
	0	1273	1273			
	0	1274	1274			
	1	1275	1275			
	0	1276	1276			
	0	1277	1277			
	0	1278	1278			
	0	1279	1279			
	0	1280	1280			
	0	1281	1281			
	1	1282	1282			
	0	1283	1283			
	0	1284	1284			
	0	1285	1285			
	0	1286	1286			
	0	1287	1287			
	0	1288	1288			
	1	1289	1289			
	1	1290	1290			
	0	1291	1291			
	0	1292	1292			
	0	1293	1293			
	0	1294	1294			
	0	1295	1295			
	0	1296	1296			
	0	1297	1297			
	0	1298	1298			
	0	1299	1299			
	0	1300	1300			
	0	1301	1301			
	0	1302	1302			
	0	1303	1303			
	0	1304	1304			
	0	1305	1305			
	0	1306	1306			
	1	1307	1307			
	0	1308	1308			
	0	1309	1309			
	0	1310	1310			
	0	1311	1311			
	0	1312	1312			
	0	1313	1313			
	0	1314	1314			
	0	1315	1315			
	0	1316	1316			
	0	1317	1317			
	0	1318	1318			
	0	1319	1319			
	1	1320	1320			
	0	1321	1321			
	0	1322	1322			
	0	1323	1323			
	0	1324	1324			
	0	1325	1325			
	0	1326	1326			
	0	1327	1327			
	0	1328	1328			
	0	1329	1329			
	0	1330	1330			
	0	1331	1331			
	0	1332	1332			
	0	1333	1333			
	0	1334	1334			
	0	1335	1335			
	1	1336	1336			
	1	1337	1337			
	1	1338	1338			
	0	1339	1339			
	0	1340	1340			
	0	1341	1341			
	0	1342	1342			
	0	1343	1343			
	0	1344	1344			
	1	1345	1345			
	0	1346	1346			
	0	1347	1347			
	0	1348	1348			
	0	1349	1349			
	0	1350	1350			
	1	1351	1351			
	0	1352	1352			
	0	1353	1353			
	0	1354	1354			
	0	1355	1355			
	0	1356	1356			
	0	1357	1357			
	0	1358	1358			
	0	1359	1359			
	0	1360	1360			
	1	1361	1361			
	0	1362	1362			
	0	1363	1363			
	0	1364	1364			
	0	1365	1365			
	0	1366	1366			
	0	1367	1367			
	0	1368	1368			
	0	1369	1369			
	1	1370	1370			
	0	1371	1371			
	0	1372	1372			
	0	1373	1373			
	0	1374	1374			
	0	1375	1375			
	2	1376	1376			
	0	1377	1377			
	0	1378	1378			
	0	1379	1379			
	0	1380	1380			
	0	1381	1381			
	0	1382	1382			
	0	1383	1383			
	0	1384	1384			
	0	1385	1385			
	0	1386	1386			
	0	1387	1387			
	0	1388	1388			
	0	1389	1389			
	0	1390	1390			
	0	1391	1391			
	0	1392	1392			
	0	1393	1393			
	0	1394	1394			
	0	1395	1395			
	0	1396	1396			
	0	1397	1397			
	0	1398	1398			
	0	1399	1399			
	0	1400	1400			
	0	1401	1401			
	0	1402	1402			
	0	1403	1403			
	1	1404	1404			
	1	1405	1405			
	0	1406	1406			
	0	1407	1407			
	0	1408	1408			
	0	1409	1409			
	0	1410	1410			
	0	1411	1411			
	1	1412	1412			
	1	1413	1413			
	1	1414	1414			
	0	1415	1415			
	1	1416	1416			
	0	1417	1417			
	0	1418	1418			
	1	1419	1419			
	0	1420	1420			
	0	1421	1421			
	0	1422	1422			
	0	1423	1423			
	0	1424	1424			
	0	1425	1425			
	0	1426	1426			
	0	1427	1427			
	1	1428	1428			
	0	1429	1429			
	0	1430	1430			
	0	1431	1431			
	0	1432	1432			
	0	1433	1433			
	0	1434	1434			
	0	1435	1435			
	0	1436	1436			
	0	1437	1437			
	0	1438	1438			
	0	1439	1439			
	0	1440	1440			
	0	1441	1441			
	1	1442	1442			
	0	1443	1443			
	0	1444	1444			
	0	1445	1445			
	0	1446	1446			
	1	1447	1447			
	0	1448	1448			
	0	1449	1449			
	0	1450	1450			
	1	1451	1451			
	0	1452	1452			
	0	1453	1453			
	0	1454	1454			
	0	1455	1455			
	0	1456	1456			
	0	1457	1457			
	0	1458	1458			
	0	1459	1459			
	0	1460	1460			
	0	1461	1461			
	0	1462	1462			
	0	1463	1463			
	0	1464	1464			
	0	1465	1465			
	0	1466	1466			
	0	1467	1467			
	0	1468	1468			
	0	1469	1469			
	1	1470	1470			
	0	1471	1471			
	0	1472	1472			
	0	1473	1473			
	0	1474	1474			
	0	1475	1475			
	0	1476	1476			
	0	1477	1477			
	1	1478	1478			
	0	1479	1479			
	0	1480	1480			
	0	1481	1481			
	0	1482	1482			
	0	1483	1483			
	0	1484	1484			
	0	1485	1485			
	0	1486	1486			
	0	1487	1487			
	1	1488	1488			
	0	1489	1489			
	0	1490	1490			
	0	1491	1491			
	0	1492	1492			
	0	1493	1493			
	0	1494	1494			
	1	1495	1495			
	0	1496	1496			
	0	1497	1497			
	0	1498	1498			
	0	1499	1499			
	0	1500	1500			
	0	1501	1501			
	0	1502	1502			
	0	1503	1503			
	0	1504	1504			
	0	1505	1505			
	1	1506	1506			
	0	1507	1507			
	0	1508	1508			
	0	1509	1509			
	1	1510	1510			
	0	1511	1511			
	0	1512	1512			
	0	1513	1513			
	0	1514	1514			
	0	1515	1515			
	0	1516	1516			
	0	1517	1517			
	0	1518	1518			
	0	1519	1519			
	0	1520	1520			
	0	1521	1521			
	1	1522	1522			
	0	1523	1523			
	0	1524	1524			
	0	1525	1525			
	0	1526	1526			
	0	1527	1527			
	0	1528	1528			
	0	1529	1529			
	0	1530	1530			
	0	1531	1531			
	0	1532	1532			
	0	1533	1533			
	0	1534	1534			
	0	1535	1535			
	0	1536	1536			
	0	1537	1537			
	0	1538	1538			
	0	1539	1539			
	0	1540	1540			
	0	1541	1541			
	0	1542	1542			
	0	1543	1543			
	0	1544	1544			
	0	1545	1545			
	0	1546	1546			
	0	1547	1547			
	0	1548	1548			
	0	1549	1549			
	0	1550	1550			
	0	1551	1551			
	0	1552	1552			
	1	1553	1553			
	0	1554	1554			
	0	1555	1555			
	0	1556	1556			
	0	1557	1557			
	0	1558	1558			
	0	1559	1559			
	0	1560	1560			
	0	1561	1561			
	0	1562	1562			
	0	1563	1563			
	0	1564	1564			
	0	1565	1565			
	1	1566	1566			
	0	1567	1567			
	0	1568	1568			
	0	1569	1569			
	0	1570	1570			
	0	1571	1571			
	0	1572	1572			
	0	1573	1573			
	0	1574	1574			
	0	1575	1575			
	0	1576	1576			
	0	1577	1577			
	0	1578	1578			
	0	1579	1579			
	0	1580	1580			
	0	1581	1581			
	0	1582	1582			
	0	1583	1583			
	0	1584	1584			
	0	1585	1585			
	0	1586	1586			
	0	1587	1587			
	1	1588	1588			
	0	1589	1589			
	0	1590	1590			
	0	1591	1591			
	0	1592	1592			
	0	1593	1593			
	0	1594	1594			
	0	1595	1595			
	0	1596	1596			
	0	1597	1597			
	0	1598	1598			
	0	1599	1599			
	0	1600	1600			
	0	1601	1601			
	1	1602	1602			
	0	1603	1603			
	0	1604	1604			
	0	1605	1605			
	0	1606	1606			
	0	1607	1607			
	0	1608	1608			
	0	1609	1609			
	0	1610	1610			
	0	1611	1611			
	0	1612	1612			
	0	1613	1613			
	0	1614	1614			
	0	1615	1615			
	0	1616	1616			
	0	1617	1617			
	0	1618	1618			
	0	1619	1619			
	1	1620	1620			
	0	1621	1621			
	0	1622	1622			
	1	1623	1623			
	0	1624	1624			
	0	1625	1625			
	0	1626	1626			
	0	1627	1627			
	0	1628	1628			
	0	1629	1629			
	0	1630	1630			
	0	1631	1631			
	0	1632	1632			
	0	1633	1633			
	0	1634	1634			
	0	1635	1635			
	0	1636	1636			
	0	1637	1637			
	0	1638	1638			
	0	1639	1639			
	0	1640	1640			
	0	1641	1641			
	1	1642	1642			
	0	1643	1643			
	0	1644	1644			
	0	1645	1645			
	0	1646	1646			
	0	1647	1647			
	0	1648	1648			
	0	1649	1649			
	0	1650	1650			
	0	1651	1651			
	0	1652	1652			
	0	1653	1653			
	0	1654	1654			
	0	1655	1655			
	0	1656	1656			
	0	1657	1657			
	0	1658	1658			
	0	1659	1659			
	0	1660	1660			
	0	1661	1661			
	0	1662	1662			
	0	1663	1663			
	0	1664	1664			
	0	1665	1665			
	0	1666	1666			
	0	1667	1667			
	0	1668	1668			
	0	1669	1669			
	0	1670	1670			
	0	1671	1671			
	0	1672	1672			
	0	1673	1673			
	0	1674	1674			
	0	1675	1675			
	0	1676	1676			
	0	1677	1677			
	0	1678	1678			
	0	1679	1679			
	0	1680	1680			
	0	1681	1681			
	0	1682	1682			
	0	1683	1683			
	0	1684	1684			
	0	1685	1685			
	0	1686	1686			
	0	1687	1687			
	0	1688	1688			
	0	1689	1689			
	0	1690	1690			
	0	1691	1691			
	0	1692	1692			
	0	1693	1693			
	0	1694	1694			
	0	1695	1695			
	0	1696	1696			
	0	1697	1697			
	1	1698	1698			
	0	1699	1699			
	0	1700	1700			
	1	1701	1701			
	0	1702	1702			
	0	1703	1703			
	0	1704	1704			
	0	1705	1705			
	0	1706	1706			
	0	1707	1707			
	0	1708	1708			
	0	1709	1709			
	0	1710	1710			
	0	1711	1711			
	0	1712	1712			
	0	1713	1713			
	0	1714	1714			
	0	1715	1715			
	0	1716	1716			
	0	1717	1717			
	0	1718	1718			
	1	1719	1719			
	0	1720	1720			
	0	1721	1721			
	0	1722	1722			
	0	1723	1723			
	0	1724	1724			
	0	1725	1725			
	0	1726	1726			
	0	1727	1727			
	0	1728	1728			
	0	1729	1729			
	0	1730	1730			
	0	1731	1731			
	0	1732	1732			
	0	1733	1733			
	0	1734	1734			
	0	1735	1735			
	0	1736	1736			
	0	1737	1737			
	0	1738	1738			
	0	1739	1739			
	0	1740	1740			
	0	1741	1741			
	0	1742	1742			
	0	1743	1743			
	0	1744	1744			
	0	1745	1745			
	0	1746	1746			
	0	1747	1747			
	0	1748	1748			
	1	1749	1749			
	0	1750	1750			
	0	1751	1751			
	0	1752	1752			
	0	1753	1753			
	0	1754	1754			
	0	1755	1755			
	0	1756	1756			
	0	1757	1757			
	0	1758	1758			
	0	1759	1759			
	0	1760	1760			
	0	1761	1761			
	0	1762	1762			
	0	1763	1763			
	0	1764	1764			
	0	1765	1765			
	0	1766	1766			
	0	1767	1767			
	0	1768	1768			
	0	1769	1769			
	0	1770	1770			
	0	1771	1771			
	0	1772	1772			
	0	1773	1773			
	0	1774	1774			
	0	1775	1775			
	0	1776	1776			
	0	1777	1777			
	0	1778	1778			
	0	1779	1779			
	0	1780	1780			
	0	1781	1781			
	0	1782	1782			
	0	1783	1783			
	0	1784	1784			
	0	1785	1785			
	1	1786	1786			
	0	1787	1787			
	0	1788	1788			
	0	1789	1789			
	1	1790	1790			
	0	1791	1791			
	0	1792	1792			
	0	1793	1793			
	0	1794	1794			
	0	1795	1795			
	0	1796	1796			
	0	1797	1797			
	1	1798	1798			
	0	1799	1799			
	0	1800	1800			
	0	1801	1801			
	0	1802	1802			
	0	1803	1803			
	0	1804	1804			
	0	1805	1805			
	0	1806	1806			
	0	1807	1807			
	0	1808	1808			
	0	1809	1809			
	0	1810	1810			
	0	1811	1811			
	0	1812	1812			
	1	1813	1813			
	0	1814	1814			
	0	1815	1815			
	0	1816	1816			
	1	1817	1817			
	0	1818	1818			
	0	1819	1819			
	0	1820	1820			
	0	1821	1821			
	0	1822	1822			
	0	1823	1823			
	0	1824	1824			
	0	1825	1825			
	0	1826	1826			
	0	1827	1827			
	0	1828	1828			
	0	1829	1829			
	0	1830	1830			
	0	1831	1831			
	0	1832	1832			
	0	1833	1833			
	0	1834	1834			
	0	1835	1835			
	0	1836	1836			
	0	1837	1837			
	0	1838	1838			
	0	1839	1839			
	1	1840	1840			
	0	1841	1841			
	0	1842	1842			
	0	1843	1843			
	0	1844	1844			
	0	1845	1845			
	0	1846	1846			
	0	1847	1847			
	0	1848	1848			
	0	1849	1849			
	0	1850	1850			
	0	1851	1851			
	0	1852	1852			
	0	1853	1853			
	0	1854	1854			
	0	1855	1855			
	0	1856	1856			
	0	1857	1857			
	0	1858	1858			
	0	1859	1859			
	0	1860	1860			
	0	1861	1861			
	0	1862	1862			
	0	1863	1863			
	1	1864	1864			
	0	1865	1865			
	0	1866	1866			
	0	1867	1867			
	0	1868	1868			
	0	1869	1869			
	0	1870	1870			
	0	1871	1871			
	0	1872	1872			
	0	1873	1873			
	0	1874	1874			
	0	1875	1875			
	0	1876	1876			
	1	1877	1877			
	0	1878	1878			
	0	1879	1879			
	0	1880	1880			
	0	1881	1881			
	0	1882	1882			
	0	1883	1883			
	0	1884	1884			
	0	1885	1885			
	0	1886	1886			
	0	1887	1887			
	0	1888	1888			
	0	1889	1889			
	1	1890	1890			
	1	1891	1891			
	0	1892	1892			
	0	1893	1893			
	0	1894	1894			
	0	1895	1895			
	0	1896	1896			
	0	1897	1897			
	0	1898	1898			
	0	1899	1899			
	0	1900	1900			
	0	1901	1901			
	0	1902	1902			
	0	1903	1903			
	0	1904	1904			
	0	1905	1905			
	0	1906	1906			
	0	1907	1907			
	0	1908	1908			
	0	1909	1909			
	0	1910	1910			
	0	1911	1911			
	0	1912	1912			
	0	1913	1913			
	0	1914	1914			
	0	1915	1915			
	0	1916	1916			
	0	1917	1917			
	0	1918	1918			
	0	1919	1919			
	0	1920	1920			
	0	1921	1921			
	0	1922	1922			
	0	1923	1923			
	0	1924	1924			
	0	1925	1925			
	0	1926	1926			
	0	1927	1927			
	0	1928	1928			
	0	1929	1929			
	0	1930	1930			
	0	1931	1931			
	0	1932	1932			
	0	1933	1933			
	0	1934	1934			
	0	1935	1935			
	0	1936	1936			
	0	1937	1937			
	0	1938	1938			
	0	1939	1939			
	0	1940	1940			
	0	1941	1941			
	0	1942	1942			
	0	1943	1943			
	0	1944	1944			
	0	1945	1945			
	0	1946	1946			
	0	1947	1947			
	0	1948	1948			
	0	1949	1949			
	0	1950	1950			
	0	1951	1951			
	0	1952	1952			
	0	1953	1953			
	0	1954	1954			
	0	1955	1955			
	0	1956	1956			
	0	1957	1957			
	0	1958	1958			
	0	1959	1959			
	0	1960	1960			
	0	1961	1961			
	0	1962	1962			
	0	1963	1963			
	0	1964	1964			
	0	1965	1965			
	0	1966	1966			
	0	1967	1967			
	0	1968	1968			
	0	1969	1969			
	0	1970	1970			
	0	1971	1971			
	0	1972	1972			
	0	1973	1973			
	0	1974	1974			
	0	1975	1975			
	0	1976	1976			
	0	1977	1977			
	0	1978	1978			
	0	1979	1979			
	0	1980	1980			
	1	1981	1981			
	0	1982	1982			
	0	1983	1983			
	0	1984	1984			
	0	1985	1985			
	0	1986	1986			
	0	1987	1987			
	0	1988	1988			
	0	1989	1989			
	0	1990	1990			
	0	1991	1991			
	0	1992	1992			
	0	1993	1993			
	0	1994	1994			
	0	1995	1995			
	0	1996	1996			
	0	1997	1997			
	0	1998	1998			
	0	1999	1999			
	0	2000	2000			
	0	2001	2001			
	0	2002	2002			
	0	2003	2003			
	0	2004	2004			
	0	2005	2005			
	0	2006	2006			
	0	2007	2007			
	0	2008	2008			
	0	2009	2009			
	0	2010	2010			
	0	2011	2011			
	0	2012	2012			
	0	2013	2013			
	0	2014	2014			
	0	2015	2015			
	0	2016	2016			
	0	2017	2017			
	0	2018	2018			
	0	2019	2019			
	0	2020	2020			
	0	2021	2021			
	1	2022	2022			
	0	2023	2023			
	0	2024	2024			
	0	2025	2025			
	0	2026	2026			
	0	2027	2027			
	0	2028	2028			
	1	2029	2029			
	0	2030	2030			
	0	2031	2031			
	0	2032	2032			
	0	2033	2033			
	0	2034	2034			
	0	2035	2035			
	0	2036	2036			
	1	2037	2037			
	0	2038	2038			
	0	2039	2039			
	0	2040	2040			
	0	2041	2041			
	0	2042	2042			
	0	2043	2043			
	0	2044	2044			
	0	2045	2045			
	1	2046	2046			
	2	2047	2047			
