MIN=0	0	0	0	0	0	0
MAX=100	1000	2047	2047	1000	100	2000
SCALE=100	5	100	500	500	50	500
DEC=0	0	0	1	0	0	0
DEF="Time" t / s	"Events" N	"Channel" n	"Energy" E / keV	"Rate" R / 1/s	"Dead time" t / %	"Voltage" U / V
0	0	0	0			699.6015625
1.001	0	1	1	761.135470151474	5.32794829106032	704.2578125
2	0	2	2	802.389504878086	5.6167265341466	706.973958333333
3	0	3	3	840.613389278041	5.88429372494629	707.75
4	0	4	4	842.929446805302	5.90050612763712	709.690104166667
5.001	0	5	5	848.752899813163	5.94127029869214	709.302083333333
6	0	6	6	846.58964969101	5.92612754783707	703.869791666667
7.001	0	7	7	806.447312997531	5.64513119098272	712.794270833333
8.001	1	8	8	862.025010056033	6.03417507039223	705.809895833333
9.001	0	9	9	800.581221967148	5.60406855377004	708.526041666667
10.001	0	10	10	836.444684374044	5.85511279061831	708.526041666667
11	0	11	11	799.238325875441	5.59466828112808	702.317708333333
12	12	12	12	807.316629582122	5.65121640707485	708.526041666667
13	34	13	13	816.226788863662	5.71358752204563	706.973958333333
14	42	14	14	824.15604701483	5.76909232910381	705.421875
15	34	15	15	829.873522464316	5.80911465725021	704.2578125
16	49	16	16	781.382496499318	5.46967747549522	706.197916666667
17	45	17	17	892.138856802381	6.24497199761667	707.75
18.001	39	18	18	780.938436945609	5.46656905861926	701.541666666667
19.001	38	19	19	807.427533656512	5.65199273559558	707.75
20	52	20	20	842.882747192404	5.90017923034683	705.033854166667
21.001	45	21	21	782.938558313597	5.48056990819518	710.078125
21.999	43	22	22	798.317914176272	5.5882253992339	710.078125
23	46	23	23	854.106326920178	5.97874428844125	717.0625
24	53	24	24	844.826832020499	5.91378782414349	713.958333333333
25	55	25	25	861.116150383247	6.02781305268273	708.138020833333
26	53	26	26	861.659642637684	6.03161749846379	702.317708333333
27	48	27	27	813.945300436193	5.69761710305335	705.421875
28	63	28	28	835.420381733023	5.84794267213116	706.973958333333
29	54	29	29	799.835056237292	5.59884539366104	708.526041666667
30	49	30	30	796.571414624297	5.57599990237008	706.973958333333
31	53	31	31	809.833787628706	5.66883651340094	706.5859375
32	65	32	32	825.520712425483	5.77864498697838	706.973958333333
33	68	33	33	829.027734695588	5.80319414286911	704.645833333333
34	95	34	34	848.970373136495	5.94279261195546	704.645833333333
35	101	35	35	864.441466923836	6.05109026846685	709.302083333333
36.001	124	36	36	852.01991482689	5.96413940378823	702.317708333333
37	143	37	37	786.942779395444	5.50859945576811	707.361979166667
37.999	162	38	38	835.32365386191	5.84726557703337	709.302083333333
39	181	39	39	817.445259211781	5.72211681448246	702.705729166667
40.001	214	40	40	831.274015661691	5.81891810963184	701.541666666667
41.001	229	41	41	835.025605112883	5.84517923579018	707.75
42	228	42	42	852.313114535235	5.96619180174664	706.973958333333
43	225	43	43	805.770023690305	5.64039016583213	704.2578125
44	224	44	44	845.534800761482	5.91874360533037	708.138020833333
45.001	210	45	45	823.941912095197	5.76759338466638	704.2578125
46	178	46	46	777.537831512949	5.44276482059064	709.302083333333
47	174	47	47	822.774888790427	5.75942422153299	706.197916666667
48	175	48	48	822.969622809594	5.76078735966716	708.9140625
49	140	49	49	815.742771477199	5.71019940034039	705.809895833333
49.999	137	50	50	807.112455429596	5.64978718800717	699.989583333333
51	132	51	51	806.42160410142	5.64495122870994	705.033854166667
52	103	52	52	809.618220030466	5.66732754021326	705.809895833333
53.001	108	53	53	830.258755298909	5.81181128709236	711.630208333333
54	93	54	54	810.343985471531	5.67240789830072	699.213541666667
55	88	55	55	798.837852026121	5.59186496418284	708.9140625
56.001	87	56	56	863.426577747371	6.0439860442316	712.40625
57	75	57	57	811.725439024857	5.682078073174	706.197916666667
58	67	58	58	803.867855737054	5.62707499015938	715.510416666667
59	79	59	59	835.261450718075	5.84683015502652	704.2578125
60.001	73	60	60	850.956516122026	5.95669561285418	705.809895833333
61.001	79	61	61	762.023775141784	5.33416642599249	706.197916666667
62	89	62	62	820.856021853767	5.74599215297637	709.690104166667
63	98	63	63	799.610742685263	5.59727519879684	705.033854166667
64	81	64	64	835.404997010539	5.84783497907377	706.5859375
65	76	65	65	796.416591856824	5.57491614299776	707.75
66	73	66	66	816.558971611189	5.71591280127832	705.809895833333
67.001	71	67	67	820.040510001194	5.74028357000836	704.645833333333
68.001	85	68	68	877.626435974596	6.14338505182217	706.197916666667
69	84	69	69	811.513931772992	5.68059752241094	705.033854166667
70	88	70	70	815.296236288836	5.70707365402185	712.794270833333
71	67	71	71	853.323665666387	5.97326565966471	706.197916666667
72	71	72	72	855.860837027899	5.99102585919529	704.645833333333
73	81	73	73	821.848097706255	5.75293668394378	708.9140625
74.003	83	74	74	830.183548769975	5.81128484138982	705.809895833333
75	89	75	75	835.05480102654	5.84538360718578	707.75
76	72	76	76	788.535573361427	5.51974901352999	701.153645833333
76.999	92	77	77	827.98393711162	5.79588755978134	700.765625
78	104	78	78	816.399324504331	5.71479527153032	707.75
79	71	79	79	825.647083366608	5.77952958356626	705.809895833333
80.001	90	80	80	843.781038820426	5.90646727174298	710.854166666667
81	72	81	81	848.532279590485	5.93972595713339	704.2578125
82.001	91	82	82	818.045416817418	5.72631791772192	700.377604166667
82.999	65	83	83	770.829026618128	5.39580318632689	700.765625
84.001	86	84	84	820.6762438881	5.7447337072167	707.75
85	89	85	85	841.988969944494	5.89392278961146	707.75
86	99	86	86	838.654905615795	5.87058433931057	707.75
87	109	87	87	782.666153918571	5.47866307742999	701.541666666667
88	122	88	88	833.428715731372	5.83400101011961	699.989583333333
89.001	118	89	89	822.519585622238	5.75763709935566	708.9140625
90	135	90	90	839.380816750843	5.8756657172559	706.197916666667
91.001	132	91	91	838.449634441512	5.86914744109058	709.302083333333
92	123	92	92	875.321538275683	6.12725076792978	706.197916666667
92.999	125	93	93	790.66605708649	5.53466239960543	701.153645833333
94.001	145	94	94	809.923417241325	5.66946392068928	701.9296875
95.001	113	95	95	813.070167955495	5.69149117568846	710.854166666667
96	138	96	96	842.340136947299	5.8963809586311	708.9140625
97	153	97	97	813.641290086541	5.69548903060579	701.153645833333
98	141	98	98	846.16813511052	5.92317694577364	708.9140625
98.999	165	99	99	840.856543669702	5.88599580568791	706.197916666667
	131	100	100			
	142	101	101			
	115	102	102			
	128	103	103			
	133	104	104			
	122	105	105			
	91	106	106			
	120	107	107			
	111	108	108			
	123	109	109			
	105	110	110			
	110	111	111			
	132	112	112			
	119	113	113			
	118	114	114			
	109	115	115			
	108	116	116			
	112	117	117			
	79	118	118			
	103	119	119			
	103	120	120			
	81	121	121			
	79	122	122			
	94	123	123			
	87	124	124			
	73	125	125			
	100	126	126			
	93	127	127			
	90	128	128			
	82	129	129			
	93	130	130			
	104	131	131			
	98	132	132			
	96	133	133			
	92	134	134			
	93	135	135			
	104	136	136			
	92	137	137			
	83	138	138			
	90	139	139			
	91	140	140			
	93	141	141			
	94	142	142			
	92	143	143			
	93	144	144			
	87	145	145			
	112	146	146			
	72	147	147			
	77	148	148			
	91	149	149			
	93	150	150			
	110	151	151			
	99	152	152			
	94	153	153			
	73	154	154			
	80	155	155			
	107	156	156			
	115	157	157			
	92	158	158			
	106	159	159			
	102	160	160			
	88	161	161			
	103	162	162			
	89	163	163			
	88	164	164			
	84	165	165			
	102	166	166			
	109	167	167			
	104	168	168			
	102	169	169			
	95	170	170			
	87	171	171			
	98	172	172			
	95	173	173			
	99	174	174			
	99	175	175			
	94	176	176			
	118	177	177			
	105	178	178			
	108	179	179			
	113	180	180			
	97	181	181			
	102	182	182			
	101	183	183			
	103	184	184			
	82	185	185			
	98	186	186			
	99	187	187			
	99	188	188			
	95	189	189			
	94	190	190			
	96	191	191			
	123	192	192			
	104	193	193			
	95	194	194			
	111	195	195			
	109	196	196			
	113	197	197			
	112	198	198			
	125	199	199			
	116	200	200			
	128	201	201			
	116	202	202			
	134	203	203			
	112	204	204			
	113	205	205			
	111	206	206			
	118	207	207			
	141	208	208			
	122	209	209			
	136	210	210			
	120	211	211			
	122	212	212			
	137	213	213			
	117	214	214			
	108	215	215			
	132	216	216			
	113	217	217			
	125	218	218			
	121	219	219			
	111	220	220			
	124	221	221			
	117	222	222			
	126	223	223			
	128	224	224			
	121	225	225			
	129	226	226			
	131	227	227			
	119	228	228			
	120	229	229			
	137	230	230			
	115	231	231			
	119	232	232			
	116	233	233			
	133	234	234			
	112	235	235			
	115	236	236			
	105	237	237			
	93	238	238			
	94	239	239			
	107	240	240			
	116	241	241			
	113	242	242			
	95	243	243			
	104	244	244			
	116	245	245			
	99	246	246			
	118	247	247			
	121	248	248			
	114	249	249			
	121	250	250			
	119	251	251			
	119	252	252			
	113	253	253			
	97	254	254			
	118	255	255			
	115	256	256			
	114	257	257			
	120	258	258			
	122	259	259			
	93	260	260			
	123	261	261			
	107	262	262			
	127	263	263			
	85	264	264			
	105	265	265			
	101	266	266			
	116	267	267			
	110	268	268			
	112	269	269			
	94	270	270			
	111	271	271			
	81	272	272			
	104	273	273			
	112	274	274			
	106	275	275			
	79	276	276			
	88	277	277			
	108	278	278			
	108	279	279			
	104	280	280			
	90	281	281			
	88	282	282			
	93	283	283			
	96	284	284			
	122	285	285			
	100	286	286			
	84	287	287			
	100	288	288			
	106	289	289			
	92	290	290			
	115	291	291			
	93	292	292			
	103	293	293			
	94	294	294			
	88	295	295			
	109	296	296			
	93	297	297			
	125	298	298			
	110	299	299			
	96	300	300			
	96	301	301			
	108	302	302			
	100	303	303			
	99	304	304			
	89	305	305			
	95	306	306			
	83	307	307			
	114	308	308			
	89	309	309			
	89	310	310			
	125	311	311			
	99	312	312			
	117	313	313			
	103	314	314			
	93	315	315			
	91	316	316			
	80	317	317			
	99	318	318			
	90	319	319			
	101	320	320			
	105	321	321			
	103	322	322			
	98	323	323			
	84	324	324			
	102	325	325			
	111	326	326			
	92	327	327			
	95	328	328			
	105	329	329			
	122	330	330			
	97	331	331			
	92	332	332			
	98	333	333			
	105	334	334			
	94	335	335			
	86	336	336			
	99	337	337			
	96	338	338			
	103	339	339			
	81	340	340			
	95	341	341			
	87	342	342			
	118	343	343			
	74	344	344			
	94	345	345			
	99	346	346			
	98	347	347			
	114	348	348			
	110	349	349			
	94	350	350			
	113	351	351			
	104	352	352			
	105	353	353			
	87	354	354			
	91	355	355			
	102	356	356			
	95	357	357			
	106	358	358			
	112	359	359			
	111	360	360			
	93	361	361			
	103	362	362			
	84	363	363			
	108	364	364			
	98	365	365			
	95	366	366			
	90	367	367			
	87	368	368			
	91	369	369			
	106	370	370			
	100	371	371			
	102	372	372			
	110	373	373			
	99	374	374			
	89	375	375			
	91	376	376			
	95	377	377			
	113	378	378			
	109	379	379			
	108	380	380			
	88	381	381			
	96	382	382			
	99	383	383			
	102	384	384			
	94	385	385			
	84	386	386			
	105	387	387			
	111	388	388			
	115	389	389			
	109	390	390			
	86	391	391			
	92	392	392			
	109	393	393			
	114	394	394			
	108	395	395			
	111	396	396			
	98	397	397			
	105	398	398			
	97	399	399			
	114	400	400			
	114	401	401			
	109	402	402			
	90	403	403			
	105	404	404			
	110	405	405			
	90	406	406			
	94	407	407			
	101	408	408			
	114	409	409			
	99	410	410			
	107	411	411			
	98	412	412			
	99	413	413			
	106	414	414			
	79	415	415			
	92	416	416			
	104	417	417			
	101	418	418			
	89	419	419			
	127	420	420			
	95	421	421			
	105	422	422			
	88	423	423			
	125	424	424			
	99	425	425			
	92	426	426			
	109	427	427			
	101	428	428			
	98	429	429			
	94	430	430			
	103	431	431			
	122	432	432			
	112	433	433			
	105	434	434			
	103	435	435			
	112	436	436			
	102	437	437			
	115	438	438			
	106	439	439			
	93	440	440			
	92	441	441			
	105	442	442			
	126	443	443			
	86	444	444			
	87	445	445			
	111	446	446			
	110	447	447			
	105	448	448			
	98	449	449			
	111	450	450			
	90	451	451			
	105	452	452			
	114	453	453			
	95	454	454			
	97	455	455			
	101	456	456			
	111	457	457			
	91	458	458			
	105	459	459			
	98	460	460			
	87	461	461			
	92	462	462			
	102	463	463			
	92	464	464			
	74	465	465			
	83	466	466			
	88	467	467			
	92	468	468			
	80	469	469			
	84	470	470			
	101	471	471			
	81	472	472			
	89	473	473			
	73	474	474			
	85	475	475			
	81	476	476			
	70	477	477			
	106	478	478			
	75	479	479			
	91	480	480			
	77	481	481			
	76	482	482			
	96	483	483			
	75	484	484			
	73	485	485			
	67	486	486			
	75	487	487			
	60	488	488			
	73	489	489			
	73	490	490			
	76	491	491			
	55	492	492			
	57	493	493			
	66	494	494			
	59	495	495			
	81	496	496			
	68	497	497			
	57	498	498			
	55	499	499			
	36	500	500			
	58	501	501			
	63	502	502			
	56	503	503			
	54	504	504			
	66	505	505			
	43	506	506			
	62	507	507			
	48	508	508			
	52	509	509			
	66	510	510			
	61	511	511			
	56	512	512			
	54	513	513			
	60	514	514			
	51	515	515			
	34	516	516			
	56	517	517			
	58	518	518			
	51	519	519			
	44	520	520			
	56	521	521			
	50	522	522			
	35	523	523			
	43	524	524			
	43	525	525			
	40	526	526			
	46	527	527			
	36	528	528			
	51	529	529			
	42	530	530			
	43	531	531			
	48	532	532			
	49	533	533			
	43	534	534			
	32	535	535			
	50	536	536			
	53	537	537			
	39	538	538			
	46	539	539			
	39	540	540			
	43	541	541			
	30	542	542			
	36	543	543			
	36	544	544			
	43	545	545			
	30	546	546			
	35	547	547			
	30	548	548			
	40	549	549			
	35	550	550			
	31	551	551			
	34	552	552			
	35	553	553			
	30	554	554			
	40	555	555			
	38	556	556			
	35	557	557			
	39	558	558			
	42	559	559			
	43	560	560			
	32	561	561			
	42	562	562			
	39	563	563			
	34	564	564			
	34	565	565			
	31	566	566			
	38	567	567			
	30	568	568			
	38	569	569			
	34	570	570			
	29	571	571			
	46	572	572			
	27	573	573			
	45	574	574			
	46	575	575			
	31	576	576			
	22	577	577			
	39	578	578			
	45	579	579			
	37	580	580			
	43	581	581			
	35	582	582			
	40	583	583			
	30	584	584			
	35	585	585			
	30	586	586			
	31	587	587			
	43	588	588			
	53	589	589			
	40	590	590			
	29	591	591			
	27	592	592			
	49	593	593			
	44	594	594			
	38	595	595			
	36	596	596			
	32	597	597			
	38	598	598			
	40	599	599			
	36	600	600			
	30	601	601			
	42	602	602			
	43	603	603			
	58	604	604			
	31	605	605			
	46	606	606			
	35	607	607			
	36	608	608			
	36	609	609			
	49	610	610			
	44	611	611			
	54	612	612			
	36	613	613			
	46	614	614			
	58	615	615			
	48	616	616			
	55	617	617			
	49	618	618			
	35	619	619			
	53	620	620			
	53	621	621			
	54	622	622			
	58	623	623			
	67	624	624			
	73	625	625			
	64	626	626			
	68	627	627			
	66	628	628			
	78	629	629			
	73	630	630			
	76	631	631			
	88	632	632			
	77	633	633			
	85	634	634			
	106	635	635			
	118	636	636			
	115	637	637			
	138	638	638			
	119	639	639			
	122	640	640			
	109	641	641			
	147	642	642			
	149	643	643			
	176	644	644			
	148	645	645			
	155	646	646			
	195	647	647			
	184	648	648			
	213	649	649			
	191	650	650			
	227	651	651			
	201	652	652			
	226	653	653			
	236	654	654			
	268	655	655			
	258	656	656			
	238	657	657			
	289	658	658			
	317	659	659			
	325	660	660			
	299	661	661			
	308	662	662			
	341	663	663			
	376	664	664			
	343	665	665			
	374	666	666			
	357	667	667			
	392	668	668			
	388	669	669			
	412	670	670			
	395	671	671			
	436	672	672			
	425	673	673			
	487	674	674			
	427	675	675			
	418	676	676			
	440	677	677			
	463	678	678			
	489	679	679			
	417	680	680			
	483	681	681			
	440	682	682			
	426	683	683			
	392	684	684			
	435	685	685			
	439	686	686			
	444	687	687			
	437	688	688			
	409	689	689			
	431	690	690			
	404	691	691			
	382	692	692			
	431	693	693			
	410	694	694			
	357	695	695			
	410	696	696			
	366	697	697			
	352	698	698			
	318	699	699			
	327	700	700			
	329	701	701			
	315	702	702			
	301	703	703			
	292	704	704			
	279	705	705			
	265	706	706			
	273	707	707			
	245	708	708			
	234	709	709			
	217	710	710			
	234	711	711			
	198	712	712			
	190	713	713			
	176	714	714			
	149	715	715			
	165	716	716			
	131	717	717			
	124	718	718			
	124	719	719			
	119	720	720			
	121	721	721			
	127	722	722			
	91	723	723			
	88	724	724			
	91	725	725			
	84	726	726			
	76	727	727			
	80	728	728			
	61	729	729			
	72	730	730			
	55	731	731			
	52	732	732			
	39	733	733			
	47	734	734			
	37	735	735			
	24	736	736			
	33	737	737			
	28	738	738			
	32	739	739			
	23	740	740			
	27	741	741			
	13	742	742			
	19	743	743			
	15	744	744			
	13	745	745			
	18	746	746			
	9	747	747			
	17	748	748			
	10	749	749			
	6	750	750			
	10	751	751			
	3	752	752			
	3	753	753			
	6	754	754			
	7	755	755			
	9	756	756			
	4	757	757			
	3	758	758			
	1	759	759			
	3	760	760			
	2	761	761			
	3	762	762			
	1	763	763			
	4	764	764			
	3	765	765			
	0	766	766			
	1	767	767			
	0	768	768			
	2	769	769			
	3	770	770			
	1	771	771			
	0	772	772			
	1	773	773			
	4	774	774			
	1	775	775			
	0	776	776			
	0	777	777			
	5	778	778			
	1	779	779			
	1	780	780			
	0	781	781			
	1	782	782			
	0	783	783			
	0	784	784			
	0	785	785			
	1	786	786			
	0	787	787			
	2	788	788			
	0	789	789			
	1	790	790			
	0	791	791			
	4	792	792			
	0	793	793			
	0	794	794			
	0	795	795			
	0	796	796			
	1	797	797			
	1	798	798			
	0	799	799			
	1	800	800			
	0	801	801			
	0	802	802			
	1	803	803			
	1	804	804			
	0	805	805			
	3	806	806			
	0	807	807			
	0	808	808			
	0	809	809			
	2	810	810			
	0	811	811			
	1	812	812			
	1	813	813			
	0	814	814			
	0	815	815			
	0	816	816			
	1	817	817			
	1	818	818			
	1	819	819			
	1	820	820			
	0	821	821			
	1	822	822			
	0	823	823			
	0	824	824			
	1	825	825			
	1	826	826			
	0	827	827			
	0	828	828			
	0	829	829			
	1	830	830			
	0	831	831			
	0	832	832			
	0	833	833			
	0	834	834			
	0	835	835			
	0	836	836			
	1	837	837			
	0	838	838			
	0	839	839			
	0	840	840			
	0	841	841			
	1	842	842			
	1	843	843			
	1	844	844			
	1	845	845			
	0	846	846			
	0	847	847			
	0	848	848			
	0	849	849			
	0	850	850			
	0	851	851			
	1	852	852			
	1	853	853			
	0	854	854			
	0	855	855			
	1	856	856			
	0	857	857			
	1	858	858			
	0	859	859			
	0	860	860			
	1	861	861			
	2	862	862			
	0	863	863			
	0	864	864			
	0	865	865			
	0	866	866			
	1	867	867			
	0	868	868			
	1	869	869			
	0	870	870			
	0	871	871			
	0	872	872			
	2	873	873			
	0	874	874			
	1	875	875			
	0	876	876			
	1	877	877			
	0	878	878			
	1	879	879			
	0	880	880			
	1	881	881			
	1	882	882			
	0	883	883			
	0	884	884			
	0	885	885			
	0	886	886			
	0	887	887			
	0	888	888			
	0	889	889			
	0	890	890			
	0	891	891			
	0	892	892			
	1	893	893			
	1	894	894			
	0	895	895			
	0	896	896			
	0	897	897			
	0	898	898			
	2	899	899			
	1	900	900			
	1	901	901			
	1	902	902			
	0	903	903			
	2	904	904			
	0	905	905			
	0	906	906			
	1	907	907			
	0	908	908			
	1	909	909			
	0	910	910			
	1	911	911			
	0	912	912			
	0	913	913			
	0	914	914			
	0	915	915			
	2	916	916			
	0	917	917			
	0	918	918			
	0	919	919			
	0	920	920			
	0	921	921			
	0	922	922			
	1	923	923			
	0	924	924			
	0	925	925			
	0	926	926			
	0	927	927			
	0	928	928			
	2	929	929			
	0	930	930			
	0	931	931			
	0	932	932			
	0	933	933			
	0	934	934			
	0	935	935			
	1	936	936			
	0	937	937			
	1	938	938			
	0	939	939			
	0	940	940			
	0	941	941			
	0	942	942			
	0	943	943			
	0	944	944			
	0	945	945			
	1	946	946			
	0	947	947			
	0	948	948			
	0	949	949			
	0	950	950			
	1	951	951			
	0	952	952			
	0	953	953			
	0	954	954			
	1	955	955			
	0	956	956			
	1	957	957			
	0	958	958			
	0	959	959			
	0	960	960			
	0	961	961			
	0	962	962			
	1	963	963			
	0	964	964			
	0	965	965			
	1	966	966			
	1	967	967			
	1	968	968			
	0	969	969			
	2	970	970			
	0	971	971			
	0	972	972			
	0	973	973			
	0	974	974			
	0	975	975			
	0	976	976			
	0	977	977			
	0	978	978			
	1	979	979			
	0	980	980			
	3	981	981			
	0	982	982			
	1	983	983			
	0	984	984			
	0	985	985			
	0	986	986			
	0	987	987			
	0	988	988			
	0	989	989			
	1	990	990			
	1	991	991			
	1	992	992			
	0	993	993			
	0	994	994			
	1	995	995			
	0	996	996			
	0	997	997			
	0	998	998			
	0	999	999			
	0	1000	1000			
	0	1001	1001			
	0	1002	1002			
	0	1003	1003			
	0	1004	1004			
	0	1005	1005			
	0	1006	1006			
	1	1007	1007			
	0	1008	1008			
	0	1009	1009			
	1	1010	1010			
	1	1011	1011			
	0	1012	1012			
	0	1013	1013			
	0	1014	1014			
	0	1015	1015			
	0	1016	1016			
	1	1017	1017			
	0	1018	1018			
	0	1019	1019			
	1	1020	1020			
	0	1021	1021			
	0	1022	1022			
	0	1023	1023			
	0	1024	1024			
	1	1025	1025			
	0	1026	1026			
	0	1027	1027			
	0	1028	1028			
	0	1029	1029			
	0	1030	1030			
	0	1031	1031			
	0	1032	1032			
	1	1033	1033			
	1	1034	1034			
	0	1035	1035			
	0	1036	1036			
	0	1037	1037			
	1	1038	1038			
	0	1039	1039			
	0	1040	1040			
	0	1041	1041			
	0	1042	1042			
	0	1043	1043			
	0	1044	1044			
	0	1045	1045			
	0	1046	1046			
	0	1047	1047			
	0	1048	1048			
	0	1049	1049			
	0	1050	1050			
	0	1051	1051			
	0	1052	1052			
	1	1053	1053			
	1	1054	1054			
	0	1055	1055			
	1	1056	1056			
	0	1057	1057			
	1	1058	1058			
	0	1059	1059			
	0	1060	1060			
	0	1061	1061			
	0	1062	1062			
	0	1063	1063			
	0	1064	1064			
	0	1065	1065			
	0	1066	1066			
	0	1067	1067			
	0	1068	1068			
	1	1069	1069			
	0	1070	1070			
	0	1071	1071			
	0	1072	1072			
	0	1073	1073			
	0	1074	1074			
	0	1075	1075			
	0	1076	1076			
	0	1077	1077			
	1	1078	1078			
	0	1079	1079			
	0	1080	1080			
	0	1081	1081			
	0	1082	1082			
	0	1083	1083			
	0	1084	1084			
	1	1085	1085			
	1	1086	1086			
	0	1087	1087			
	1	1088	1088			
	0	1089	1089			
	0	1090	1090			
	0	1091	1091			
	0	1092	1092			
	0	1093	1093			
	0	1094	1094			
	0	1095	1095			
	0	1096	1096			
	0	1097	1097			
	0	1098	1098			
	0	1099	1099			
	1	1100	1100			
	0	1101	1101			
	0	1102	1102			
	0	1103	1103			
	0	1104	1104			
	0	1105	1105			
	2	1106	1106			
	0	1107	1107			
	0	1108	1108			
	0	1109	1109			
	0	1110	1110			
	0	1111	1111			
	0	1112	1112			
	0	1113	1113			
	0	1114	1114			
	0	1115	1115			
	1	1116	1116			
	0	1117	1117			
	0	1118	1118			
	0	1119	1119			
	0	1120	1120			
	0	1121	1121			
	0	1122	1122			
	0	1123	1123			
	1	1124	1124			
	0	1125	1125			
	0	1126	1126			
	0	1127	1127			
	0	1128	1128			
	0	1129	1129			
	0	1130	1130			
	0	1131	1131			
	0	1132	1132			
	2	1133	1133			
	0	1134	1134			
	0	1135	1135			
	0	1136	1136			
	0	1137	1137			
	2	1138	1138			
	1	1139	1139			
	1	1140	1140			
	0	1141	1141			
	0	1142	1142			
	0	1143	1143			
	1	1144	1144			
	0	1145	1145			
	0	1146	1146			
	0	1147	1147			
	0	1148	1148			
	0	1149	1149			
	0	1150	1150			
	0	1151	1151			
	1	1152	1152			
	0	1153	1153			
	0	1154	1154			
	0	1155	1155			
	1	1156	1156			
	0	1157	1157			
	0	1158	1158			
	0	1159	1159			
	0	1160	1160			
	1	1161	1161			
	0	1162	1162			
	0	1163	1163			
	0	1164	1164			
	0	1165	1165			
	0	1166	1166			
	0	1167	1167			
	0	1168	1168			
	0	1169	1169			
	0	1170	1170			
	0	1171	1171			
	1	1172	1172			
	0	1173	1173			
	0	1174	1174			
	0	1175	1175			
	0	1176	1176			
	0	1177	1177			
	0	1178	1178			
	1	1179	1179			
	0	1180	1180			
	0	1181	1181			
	2	1182	1182			
	0	1183	1183			
	1	1184	1184			
	0	1185	1185			
	0	1186	1186			
	0	1187	1187			
	0	1188	1188			
	0	1189	1189			
	0	1190	1190			
	0	1191	1191			
	0	1192	1192			
	0	1193	1193			
	0	1194	1194			
	0	1195	1195			
	0	1196	1196			
	0	1197	1197			
	0	1198	1198			
	0	1199	1199			
	0	1200	1200			
	0	1201	1201			
	0	1202	1202			
	0	1203	1203			
	1	1204	1204			
	0	1205	1205			
	0	1206	1206			
	1	1207	1207			
	0	1208	1208			
	0	1209	1209			
	0	1210	1210			
	0	1211	1211			
	1	1212	1212			
	0	1213	1213			
	0	1214	1214			
	0	1215	1215			
	0	1216	1216			
	1	1217	1217			
	0	1218	1218			
	0	1219	1219			
	0	1220	1220			
	0	1221	1221			
	0	1222	1222			
	0	1223	1223			
	0	1224	1224			
	0	1225	1225			
	0	1226	1226			
	0	1227	1227			
	0	1228	1228			
	0	1229	1229			
	0	1230	1230			
	0	1231	1231			
	0	1232	1232			
	0	1233	1233			
	0	1234	1234			
	0	1235	1235			
	0	1236	1236			
	0	1237	1237			
	0	1238	1238			
	0	1239	1239			
	0	1240	1240			
	0	1241	1241			
	0	1242	1242			
	0	1243	1243			
	0	1244	1244			
	0	1245	1245			
	0	1246	1246			
	0	1247	1247			
	0	1248	1248			
	0	1249	1249			
	0	1250	1250			
	0	1251	1251			
	0	1252	1252			
	0	1253	1253			
	0	1254	1254			
	0	1255	1255			
	0	1256	1256			
	0	1257	1257			
	0	1258	1258			
	0	1259	1259			
	0	1260	1260			
	0	1261	1261			
	0	1262	1262			
	1	1263	1263			
	0	1264	1264			
	0	1265	1265			
	1	1266	1266			
	0	1267	1267			
	0	1268	1268			
	0	1269	1269			
	0	1270	1270			
	0	1271	1271			
	0	1272	1272			
	0	1273	1273			
	0	1274	1274			
	0	1275	1275			
	1	1276	1276			
	0	1277	1277			
	0	1278	1278			
	0	1279	1279			
	0	1280	1280			
	1	1281	1281			
	0	1282	1282			
	0	1283	1283			
	0	1284	1284			
	0	1285	1285			
	0	1286	1286			
	0	1287	1287			
	0	1288	1288			
	0	1289	1289			
	1	1290	1290			
	0	1291	1291			
	0	1292	1292			
	1	1293	1293			
	0	1294	1294			
	0	1295	1295			
	0	1296	1296			
	0	1297	1297			
	0	1298	1298			
	0	1299	1299			
	0	1300	1300			
	0	1301	1301			
	0	1302	1302			
	0	1303	1303			
	0	1304	1304			
	0	1305	1305			
	0	1306	1306			
	0	1307	1307			
	0	1308	1308			
	0	1309	1309			
	0	1310	1310			
	0	1311	1311			
	0	1312	1312			
	0	1313	1313			
	0	1314	1314			
	0	1315	1315			
	0	1316	1316			
	0	1317	1317			
	1	1318	1318			
	0	1319	1319			
	0	1320	1320			
	0	1321	1321			
	0	1322	1322			
	2	1323	1323			
	1	1324	1324			
	0	1325	1325			
	1	1326	1326			
	1	1327	1327			
	0	1328	1328			
	1	1329	1329			
	0	1330	1330			
	0	1331	1331			
	0	1332	1332			
	0	1333	1333			
	0	1334	1334			
	0	1335	1335			
	0	1336	1336			
	0	1337	1337			
	0	1338	1338			
	0	1339	1339			
	0	1340	1340			
	0	1341	1341			
	0	1342	1342			
	1	1343	1343			
	0	1344	1344			
	0	1345	1345			
	0	1346	1346			
	2	1347	1347			
	0	1348	1348			
	0	1349	1349			
	0	1350	1350			
	0	1351	1351			
	0	1352	1352			
	0	1353	1353			
	0	1354	1354			
	0	1355	1355			
	0	1356	1356			
	0	1357	1357			
	0	1358	1358			
	0	1359	1359			
	0	1360	1360			
	0	1361	1361			
	0	1362	1362			
	0	1363	1363			
	1	1364	1364			
	0	1365	1365			
	0	1366	1366			
	0	1367	1367			
	0	1368	1368			
	0	1369	1369			
	0	1370	1370			
	0	1371	1371			
	0	1372	1372			
	0	1373	1373			
	1	1374	1374			
	0	1375	1375			
	0	1376	1376			
	0	1377	1377			
	0	1378	1378			
	1	1379	1379			
	1	1380	1380			
	0	1381	1381			
	0	1382	1382			
	0	1383	1383			
	0	1384	1384			
	0	1385	1385			
	0	1386	1386			
	0	1387	1387			
	0	1388	1388			
	1	1389	1389			
	0	1390	1390			
	0	1391	1391			
	0	1392	1392			
	0	1393	1393			
	0	1394	1394			
	0	1395	1395			
	1	1396	1396			
	0	1397	1397			
	0	1398	1398			
	0	1399	1399			
	0	1400	1400			
	0	1401	1401			
	0	1402	1402			
	0	1403	1403			
	1	1404	1404			
	1	1405	1405			
	0	1406	1406			
	0	1407	1407			
	0	1408	1408			
	1	1409	1409			
	0	1410	1410			
	0	1411	1411			
	0	1412	1412			
	0	1413	1413			
	0	1414	1414			
	0	1415	1415			
	0	1416	1416			
	1	1417	1417			
	0	1418	1418			
	0	1419	1419			
	0	1420	1420			
	0	1421	1421			
	0	1422	1422			
	0	1423	1423			
	0	1424	1424			
	1	1425	1425			
	0	1426	1426			
	1	1427	1427			
	0	1428	1428			
	1	1429	1429			
	0	1430	1430			
	1	1431	1431			
	0	1432	1432			
	0	1433	1433			
	0	1434	1434			
	1	1435	1435			
	0	1436	1436			
	1	1437	1437			
	0	1438	1438			
	0	1439	1439			
	0	1440	1440			
	0	1441	1441			
	0	1442	1442			
	0	1443	1443			
	0	1444	1444			
	0	1445	1445			
	0	1446	1446			
	1	1447	1447			
	0	1448	1448			
	0	1449	1449			
	1	1450	1450			
	0	1451	1451			
	0	1452	1452			
	0	1453	1453			
	0	1454	1454			
	0	1455	1455			
	0	1456	1456			
	0	1457	1457			
	1	1458	1458			
	1	1459	1459			
	1	1460	1460			
	0	1461	1461			
	0	1462	1462			
	0	1463	1463			
	1	1464	1464			
	0	1465	1465			
	0	1466	1466			
	0	1467	1467			
	1	1468	1468			
	0	1469	1469			
	0	1470	1470			
	0	1471	1471			
	0	1472	1472			
	0	1473	1473			
	0	1474	1474			
	0	1475	1475			
	0	1476	1476			
	1	1477	1477			
	0	1478	1478			
	0	1479	1479			
	0	1480	1480			
	0	1481	1481			
	0	1482	1482			
	0	1483	1483			
	0	1484	1484			
	0	1485	1485			
	0	1486	1486			
	2	1487	1487			
	0	1488	1488			
	0	1489	1489			
	0	1490	1490			
	0	1491	1491			
	0	1492	1492			
	0	1493	1493			
	0	1494	1494			
	0	1495	1495			
	0	1496	1496			
	0	1497	1497			
	0	1498	1498			
	0	1499	1499			
	0	1500	1500			
	1	1501	1501			
	0	1502	1502			
	0	1503	1503			
	0	1504	1504			
	0	1505	1505			
	0	1506	1506			
	0	1507	1507			
	0	1508	1508			
	0	1509	1509			
	1	1510	1510			
	0	1511	1511			
	0	1512	1512			
	0	1513	1513			
	0	1514	1514			
	0	1515	1515			
	0	1516	1516			
	0	1517	1517			
	0	1518	1518			
	0	1519	1519			
	0	1520	1520			
	0	1521	1521			
	0	1522	1522			
	0	1523	1523			
	1	1524	1524			
	0	1525	1525			
	0	1526	1526			
	1	1527	1527			
	0	1528	1528			
	0	1529	1529			
	0	1530	1530			
	1	1531	1531			
	0	1532	1532			
	0	1533	1533			
	1	1534	1534			
	0	1535	1535			
	0	1536	1536			
	1	1537	1537			
	0	1538	1538			
	0	1539	1539			
	0	1540	1540			
	0	1541	1541			
	0	1542	1542			
	0	1543	1543			
	0	1544	1544			
	0	1545	1545			
	0	1546	1546			
	0	1547	1547			
	0	1548	1548			
	0	1549	1549			
	0	1550	1550			
	0	1551	1551			
	0	1552	1552			
	0	1553	1553			
	0	1554	1554			
	0	1555	1555			
	0	1556	1556			
	0	1557	1557			
	0	1558	1558			
	1	1559	1559			
	0	1560	1560			
	0	1561	1561			
	0	1562	1562			
	0	1563	1563			
	0	1564	1564			
	0	1565	1565			
	0	1566	1566			
	0	1567	1567			
	0	1568	1568			
	0	1569	1569			
	0	1570	1570			
	0	1571	1571			
	0	1572	1572			
	0	1573	1573			
	0	1574	1574			
	0	1575	1575			
	0	1576	1576			
	0	1577	1577			
	0	1578	1578			
	0	1579	1579			
	0	1580	1580			
	0	1581	1581			
	0	1582	1582			
	0	1583	1583			
	0	1584	1584			
	0	1585	1585			
	0	1586	1586			
	0	1587	1587			
	0	1588	1588			
	1	1589	1589			
	0	1590	1590			
	0	1591	1591			
	0	1592	1592			
	0	1593	1593			
	0	1594	1594			
	0	1595	1595			
	0	1596	1596			
	0	1597	1597			
	0	1598	1598			
	0	1599	1599			
	0	1600	1600			
	0	1601	1601			
	0	1602	1602			
	0	1603	1603			
	1	1604	1604			
	0	1605	1605			
	0	1606	1606			
	0	1607	1607			
	0	1608	1608			
	0	1609	1609			
	0	1610	1610			
	0	1611	1611			
	0	1612	1612			
	0	1613	1613			
	0	1614	1614			
	0	1615	1615			
	0	1616	1616			
	0	1617	1617			
	0	1618	1618			
	0	1619	1619			
	0	1620	1620			
	0	1621	1621			
	0	1622	1622			
	0	1623	1623			
	1	1624	1624			
	0	1625	1625			
	0	1626	1626			
	0	1627	1627			
	0	1628	1628			
	0	1629	1629			
	0	1630	1630			
	0	1631	1631			
	0	1632	1632			
	0	1633	1633			
	0	1634	1634			
	0	1635	1635			
	0	1636	1636			
	0	1637	1637			
	0	1638	1638			
	0	1639	1639			
	0	1640	1640			
	0	1641	1641			
	0	1642	1642			
	0	1643	1643			
	0	1644	1644			
	0	1645	1645			
	0	1646	1646			
	0	1647	1647			
	0	1648	1648			
	0	1649	1649			
	0	1650	1650			
	0	1651	1651			
	0	1652	1652			
	0	1653	1653			
	0	1654	1654			
	0	1655	1655			
	0	1656	1656			
	0	1657	1657			
	0	1658	1658			
	0	1659	1659			
	0	1660	1660			
	0	1661	1661			
	0	1662	1662			
	0	1663	1663			
	1	1664	1664			
	0	1665	1665			
	0	1666	1666			
	0	1667	1667			
	0	1668	1668			
	0	1669	1669			
	0	1670	1670			
	0	1671	1671			
	0	1672	1672			
	0	1673	1673			
	0	1674	1674			
	0	1675	1675			
	0	1676	1676			
	0	1677	1677			
	0	1678	1678			
	0	1679	1679			
	0	1680	1680			
	0	1681	1681			
	0	1682	1682			
	0	1683	1683			
	0	1684	1684			
	0	1685	1685			
	0	1686	1686			
	0	1687	1687			
	0	1688	1688			
	0	1689	1689			
	0	1690	1690			
	0	1691	1691			
	0	1692	1692			
	0	1693	1693			
	0	1694	1694			
	0	1695	1695			
	0	1696	1696			
	0	1697	1697			
	0	1698	1698			
	0	1699	1699			
	0	1700	1700			
	0	1701	1701			
	0	1702	1702			
	0	1703	1703			
	0	1704	1704			
	0	1705	1705			
	0	1706	1706			
	1	1707	1707			
	0	1708	1708			
	0	1709	1709			
	0	1710	1710			
	0	1711	1711			
	0	1712	1712			
	0	1713	1713			
	0	1714	1714			
	0	1715	1715			
	0	1716	1716			
	0	1717	1717			
	0	1718	1718			
	0	1719	1719			
	0	1720	1720			
	0	1721	1721			
	0	1722	1722			
	0	1723	1723			
	0	1724	1724			
	0	1725	1725			
	0	1726	1726			
	0	1727	1727			
	0	1728	1728			
	0	1729	1729			
	0	1730	1730			
	0	1731	1731			
	0	1732	1732			
	0	1733	1733			
	0	1734	1734			
	0	1735	1735			
	0	1736	1736			
	1	1737	1737			
	0	1738	1738			
	0	1739	1739			
	0	1740	1740			
	0	1741	1741			
	0	1742	1742			
	0	1743	1743			
	0	1744	1744			
	0	1745	1745			
	0	1746	1746			
	0	1747	1747			
	0	1748	1748			
	0	1749	1749			
	0	1750	1750			
	0	1751	1751			
	0	1752	1752			
	0	1753	1753			
	0	1754	1754			
	1	1755	1755			
	0	1756	1756			
	0	1757	1757			
	0	1758	1758			
	0	1759	1759			
	0	1760	1760			
	0	1761	1761			
	0	1762	1762			
	0	1763	1763			
	0	1764	1764			
	0	1765	1765			
	0	1766	1766			
	0	1767	1767			
	0	1768	1768			
	1	1769	1769			
	0	1770	1770			
	0	1771	1771			
	0	1772	1772			
	0	1773	1773			
	0	1774	1774			
	0	1775	1775			
	0	1776	1776			
	0	1777	1777			
	0	1778	1778			
	0	1779	1779			
	0	1780	1780			
	0	1781	1781			
	0	1782	1782			
	0	1783	1783			
	0	1784	1784			
	0	1785	1785			
	0	1786	1786			
	0	1787	1787			
	0	1788	1788			
	0	1789	1789			
	0	1790	1790			
	0	1791	1791			
	0	1792	1792			
	0	1793	1793			
	0	1794	1794			
	0	1795	1795			
	0	1796	1796			
	0	1797	1797			
	0	1798	1798			
	0	1799	1799			
	0	1800	1800			
	0	1801	1801			
	0	1802	1802			
	0	1803	1803			
	0	1804	1804			
	0	1805	1805			
	0	1806	1806			
	0	1807	1807			
	0	1808	1808			
	0	1809	1809			
	0	1810	1810			
	0	1811	1811			
	0	1812	1812			
	0	1813	1813			
	0	1814	1814			
	0	1815	1815			
	0	1816	1816			
	1	1817	1817			
	0	1818	1818			
	0	1819	1819			
	0	1820	1820			
	0	1821	1821			
	0	1822	1822			
	0	1823	1823			
	0	1824	1824			
	0	1825	1825			
	0	1826	1826			
	0	1827	1827			
	0	1828	1828			
	0	1829	1829			
	0	1830	1830			
	0	1831	1831			
	0	1832	1832			
	0	1833	1833			
	0	1834	1834			
	0	1835	1835			
	0	1836	1836			
	0	1837	1837			
	0	1838	1838			
	0	1839	1839			
	0	1840	1840			
	0	1841	1841			
	0	1842	1842			
	0	1843	1843			
	0	1844	1844			
	0	1845	1845			
	0	1846	1846			
	0	1847	1847			
	0	1848	1848			
	0	1849	1849			
	0	1850	1850			
	0	1851	1851			
	0	1852	1852			
	0	1853	1853			
	0	1854	1854			
	0	1855	1855			
	0	1856	1856			
	0	1857	1857			
	0	1858	1858			
	0	1859	1859			
	0	1860	1860			
	0	1861	1861			
	0	1862	1862			
	0	1863	1863			
	0	1864	1864			
	0	1865	1865			
	0	1866	1866			
	0	1867	1867			
	0	1868	1868			
	0	1869	1869			
	0	1870	1870			
	0	1871	1871			
	0	1872	1872			
	0	1873	1873			
	0	1874	1874			
	0	1875	1875			
	0	1876	1876			
	0	1877	1877			
	0	1878	1878			
	0	1879	1879			
	0	1880	1880			
	0	1881	1881			
	0	1882	1882			
	0	1883	1883			
	0	1884	1884			
	0	1885	1885			
	0	1886	1886			
	0	1887	1887			
	0	1888	1888			
	0	1889	1889			
	0	1890	1890			
	0	1891	1891			
	0	1892	1892			
	0	1893	1893			
	0	1894	1894			
	0	1895	1895			
	0	1896	1896			
	0	1897	1897			
	0	1898	1898			
	0	1899	1899			
	0	1900	1900			
	0	1901	1901			
	1	1902	1902			
	0	1903	1903			
	0	1904	1904			
	0	1905	1905			
	0	1906	1906			
	0	1907	1907			
	0	1908	1908			
	0	1909	1909			
	1	1910	1910			
	0	1911	1911			
	0	1912	1912			
	0	1913	1913			
	0	1914	1914			
	0	1915	1915			
	0	1916	1916			
	0	1917	1917			
	1	1918	1918			
	0	1919	1919			
	0	1920	1920			
	0	1921	1921			
	0	1922	1922			
	0	1923	1923			
	0	1924	1924			
	0	1925	1925			
	0	1926	1926			
	0	1927	1927			
	0	1928	1928			
	0	1929	1929			
	0	1930	1930			
	0	1931	1931			
	0	1932	1932			
	0	1933	1933			
	0	1934	1934			
	0	1935	1935			
	0	1936	1936			
	0	1937	1937			
	0	1938	1938			
	0	1939	1939			
	0	1940	1940			
	0	1941	1941			
	1	1942	1942			
	0	1943	1943			
	0	1944	1944			
	0	1945	1945			
	0	1946	1946			
	0	1947	1947			
	0	1948	1948			
	0	1949	1949			
	1	1950	1950			
	0	1951	1951			
	0	1952	1952			
	0	1953	1953			
	0	1954	1954			
	0	1955	1955			
	0	1956	1956			
	0	1957	1957			
	0	1958	1958			
	0	1959	1959			
	0	1960	1960			
	0	1961	1961			
	0	1962	1962			
	0	1963	1963			
	0	1964	1964			
	0	1965	1965			
	0	1966	1966			
	0	1967	1967			
	0	1968	1968			
	0	1969	1969			
	1	1970	1970			
	1	1971	1971			
	0	1972	1972			
	0	1973	1973			
	0	1974	1974			
	0	1975	1975			
	0	1976	1976			
	0	1977	1977			
	0	1978	1978			
	0	1979	1979			
	0	1980	1980			
	0	1981	1981			
	0	1982	1982			
	0	1983	1983			
	0	1984	1984			
	0	1985	1985			
	0	1986	1986			
	0	1987	1987			
	0	1988	1988			
	0	1989	1989			
	0	1990	1990			
	0	1991	1991			
	0	1992	1992			
	0	1993	1993			
	0	1994	1994			
	0	1995	1995			
	0	1996	1996			
	0	1997	1997			
	0	1998	1998			
	0	1999	1999			
	0	2000	2000			
	0	2001	2001			
	0	2002	2002			
	0	2003	2003			
	0	2004	2004			
	0	2005	2005			
	0	2006	2006			
	0	2007	2007			
	0	2008	2008			
	0	2009	2009			
	0	2010	2010			
	0	2011	2011			
	0	2012	2012			
	0	2013	2013			
	0	2014	2014			
	0	2015	2015			
	0	2016	2016			
	0	2017	2017			
	0	2018	2018			
	0	2019	2019			
	0	2020	2020			
	0	2021	2021			
	0	2022	2022			
	0	2023	2023			
	0	2024	2024			
	0	2025	2025			
	0	2026	2026			
	0	2027	2027			
	0	2028	2028			
	1	2029	2029			
	0	2030	2030			
	0	2031	2031			
	0	2032	2032			
	0	2033	2033			
	0	2034	2034			
	0	2035	2035			
	0	2036	2036			
	0	2037	2037			
	0	2038	2038			
	0	2039	2039			
	0	2040	2040			
	0	2041	2041			
	0	2042	2042			
	0	2043	2043			
	0	2044	2044			
	0	2045	2045			
	0	2046	2046			
	0	2047	2047			
MIN=
MAX=
SCALE=
DEC=
DEF=
