MIN=0	0	0	0	0	0	0
MAX=100	21.5443469003188	2047	2047	1000	100	2000
SCALE=100	5	100	500	500	50	500
DEC=0	0	0	1	0	0	0
DEF="Time" t / s	"Events" N	"Channel" n	"Energy" E / keV	"Rate" R / 1/s	"Dead time" t / %	"Voltage" U / V
0	0	0	0			696.109375
1.001	0	1	1	12.7046494040831	0.0889325458285819	696.109375
2	0	2	2	22.2043132100454	0.155430192470318	696.109375
3	0	3	3	21.0846405163118	0.147592483614183	696.109375
4	0	4	4	30.0190711158799	0.210133497811159	696.109375
5.001	0	5	5	25.5402484333278	0.178781739033295	696.109375
6	0	6	6	22.2166088257256	0.155516261780079	696.109375
7	0	7	7	30.0219760864953	0.210153832605467	696.109375
8	0	8	8	17.7662178920027	0.124363525244019	696.109375
9	0	9	9	14.0242198276423	0.0981695387934964	696.109375
10	0	10	10	25.5106426519089	0.178574498563363	696.109375
11.001	0	11	11	27.0418310083869	0.189292817058708	696.109375
12	0	12	12	28.8716332760676	0.202101432932473	696.109375
13	0	13	13	27.7745497578837	0.194421848305186	696.109375
14.001	3	14	14	24.0029883720523	0.168020918604366	696.109375
15	3	15	15	28.8622041776708	0.202035429243696	696.109375
16	1	16	16	22.0311652864142	0.154218157004899	696.109375
17	3	17	17	15.5311044201634	0.108717730941144	696.109375
18	0	18	18	17.0130353877141	0.119091247713998	696.109375
19	1	19	19	19.9863293507241	0.139904305455069	696.109375
20	1	20	20	20.0009440445589	0.140006608311912	696.109375
21.001	2	21	21	12.9953632543908	0.0909675427807358	696.109375
22.001	3	22	22	21.9952842110651	0.153966989477456	696.109375
22.999	1	23	23	21.0476814174832	0.147333769922382	696.109375
24	2	24	24	27.751176733147	0.194258237132029	696.109375
25.001	3	25	25	27.7336750713754	0.194135725499628	696.109375
26.001	1	26	26	20.0032665334249	0.140022865733974	696.109375
27.001	1	27	27	19.0315085655812	0.133220559959068	696.109375
28	0	28	28	19.9726884581273	0.139808819206891	696.109375
29.001	0	29	29	20.0101311293908	0.140070917905736	696.109375
30.001	1	30	30	22.2138747417359	0.155497123192152	696.109375
31	1	31	31	13.3240627465646	0.0932684392259519	696.109375
32	1	32	32	14.4435970867487	0.101105179607241	696.109375
33.001	0	33	33	17.02030863226	0.11914216042582	696.109375
34.001	0	34	34	24.4117868984159	0.170882508288911	696.109375
35	2	35	35	18.0108227033625	0.126075758923537	696.109375
36	2	36	36	26.6364520512232	0.186455164358563	696.109375
37	3	37	37	14.0104602095925	0.0980732214671474	696.109375
38	0	38	38	17.0035928591711	0.119025150014198	696.109375
39.001	3	39	39	18.0085937009141	0.126060155906399	696.109375
40.001	3	40	40	21.1040787630877	0.147728551341614	696.109375
41	1	41	41	26.0013312681609	0.182009318877127	696.109375
42	2	42	42	23.3332425929455	0.163332698150618	696.109375
43	3	43	43	20.9878144749159	0.146914701324411	696.109375
44	2	44	44	20.0431308131969	0.140301915692378	696.109375
45	1	45	45	22.188239700441	0.155317677903087	696.109375
46	1	46	46	17.7643222905495	0.124350256033846	695.721354166667
47	1	47	47	15.00442330399	0.10503096312793	696.109375
48	2	48	48	21.1006639379436	0.147704647565605	696.109375
49	2	49	49	27.048546731674	0.189339827121718	696.109375
50	2	50	50	15.5403657114263	0.108782559979984	696.497395833333
51	2	51	51	19.0140818290026	0.133098572803018	696.109375
52	1	52	52	17.9707884833204	0.125795519383243	696.109375
53	2	53	53	21.0366416223779	0.147256491356645	696.497395833333
54	2	54	54	24.384166784154	0.170689167489078	696.109375
55	3	55	55	19.0097120618924	0.133067984433247	696.109375
56	2	56	56	15.5494981621604	0.108846487135123	696.109375
57.001	4	57	57	18.0081054482623	0.126056738137836	695.721354166667
58	2	58	58	23.330507749617	0.163313554247319	696.109375
59	4	59	59	21.9916299856275	0.153941409899392	696.109375
60.001	2	60	60	13.001596596062	0.091011176172434	696.109375
61	1	61	61	22.208043620151	0.155456305341057	696.109375
62	4	62	62	22.0201109673465	0.154140776771425	696.109375
63	2	63	63	17.7750029023247	0.124425020316273	696.109375
64	2	64	64	19.9648241980768	0.139753769386538	696.109375
65.001	5	65	65	24.0443811186688	0.168310667830682	696.109375
66.001	2	66	66	16.6594475727185	0.116616133009029	696.109375
67.001	3	67	67	18.0164021325014	0.12611481492751	696.109375
68	1	68	68	14.4290982967892	0.101003688077525	696.109375
69	2	69	69	31.0948174267795	0.217663721987456	696.109375
70.001	2	70	70	19.9993420216475	0.139995394151532	696.109375
71.001	4	71	71	28.9664597362714	0.2027652181539	696.109375
72.001	2	72	72	26.0245854258518	0.182172097980963	695.721354166667
73	2	73	73	20.0362114449444	0.140253480114611	696.109375
74.001	4	74	74	21.0731770509553	0.147512239356687	696.109375
75	2	75	75	24.0362249946895	0.168253574962826	696.497395833333
76.001	2	76	76	19.9795187733108	0.139856631413176	696.109375
77	2	77	77	21.017680072477	0.147123760507339	696.109375
78	3	78	78	12.0088036539587	0.084061625577711	696.109375
78.999	3	79	79	24.4108523992262	0.170875966794583	696.109375
80	3	80	80	15.0271465402249	0.105190025781574	696.109375
81	5	81	81	17.773739189262	0.124416174324834	696.109375
82	5	82	82	24.4164387891533	0.170915071524073	696.109375
83	4	83	83	16.6619790965475	0.116633853675833	696.109375
84.001	4	84	84	16.002976553639	0.112020835875473	696.109375
85	2	85	85	21.9886802274189	0.153920761591932	696.109375
86	7	86	86	15.00300060012	0.10502100420084	696.109375
87	7	87	87	25.5219743089149	0.178653820162404	696.109375
88	2	88	88	13.0179830417739	0.0911258812924173	696.109375
89	4	89	89	19.0208106689529	0.13314567468267	696.109375
90.001	6	90	90	21.9623302112217	0.153736311478552	696.109375
91	10	91	91	17.999524812545	0.125996673687815	696.109375
92	6	92	92	22.2160979845445	0.155512685891811	696.109375
93.001	4	93	93	20.0202504833639	0.140141753383547	696.109375
94.001	7	94	94	18.0067056972016	0.126046939880411	696.109375
95.001	15	95	95	17.7461364165471	0.12422295491583	696.109375
96.001	10	96	96	26.0608102947418	0.182425672063192	696.109375
97	6	97	97	23.2880355166939	0.163016248616857	696.109375
98	12	98	98	16.003046980145	0.112021328861015	696.109375
99	11	99	99	21.0007917298482	0.147005542108938	696.109375
100	10	100	100	22.0115384484547	0.154080769139183	696.109375
	10	101	101			
	13	102	102			
	3	103	103			
	9	104	104			
	8	105	105			
	8	106	106			
	12	107	107			
	6	108	108			
	8	109	109			
	5	110	110			
	8	111	111			
	10	112	112			
	2	113	113			
	2	114	114			
	3	115	115			
	2	116	116			
	5	117	117			
	5	118	118			
	5	119	119			
	4	120	120			
	10	121	121			
	7	122	122			
	5	123	123			
	3	124	124			
	4	125	125			
	3	126	126			
	8	127	127			
	8	128	128			
	10	129	129			
	5	130	130			
	4	131	131			
	2	132	132			
	7	133	133			
	5	134	134			
	6	135	135			
	2	136	136			
	2	137	137			
	3	138	138			
	10	139	139			
	4	140	140			
	7	141	141			
	5	142	142			
	6	143	143			
	9	144	144			
	4	145	145			
	4	146	146			
	5	147	147			
	3	148	148			
	3	149	149			
	3	150	150			
	4	151	151			
	4	152	152			
	4	153	153			
	3	154	154			
	3	155	155			
	5	156	156			
	4	157	157			
	5	158	158			
	3	159	159			
	6	160	160			
	4	161	161			
	2	162	162			
	5	163	163			
	5	164	164			
	1	165	165			
	6	166	166			
	4	167	167			
	7	168	168			
	4	169	169			
	5	170	170			
	4	171	171			
	8	172	172			
	1	173	173			
	6	174	174			
	4	175	175			
	3	176	176			
	7	177	177			
	7	178	178			
	2	179	179			
	3	180	180			
	4	181	181			
	7	182	182			
	5	183	183			
	7	184	184			
	3	185	185			
	1	186	186			
	2	187	187			
	5	188	188			
	3	189	189			
	5	190	190			
	9	191	191			
	3	192	192			
	3	193	193			
	3	194	194			
	2	195	195			
	6	196	196			
	7	197	197			
	0	198	198			
	3	199	199			
	3	200	200			
	1	201	201			
	1	202	202			
	7	203	203			
	3	204	204			
	2	205	205			
	3	206	206			
	11	207	207			
	7	208	208			
	3	209	209			
	3	210	210			
	2	211	211			
	4	212	212			
	5	213	213			
	4	214	214			
	3	215	215			
	4	216	216			
	6	217	217			
	5	218	218			
	3	219	219			
	6	220	220			
	2	221	221			
	5	222	222			
	10	223	223			
	6	224	224			
	5	225	225			
	2	226	226			
	2	227	227			
	5	228	228			
	2	229	229			
	4	230	230			
	6	231	231			
	2	232	232			
	2	233	233			
	5	234	234			
	5	235	235			
	3	236	236			
	7	237	237			
	2	238	238			
	3	239	239			
	0	240	240			
	0	241	241			
	2	242	242			
	2	243	243			
	2	244	244			
	1	245	245			
	0	246	246			
	5	247	247			
	7	248	248			
	1	249	249			
	1	250	250			
	2	251	251			
	1	252	252			
	3	253	253			
	6	254	254			
	4	255	255			
	3	256	256			
	7	257	257			
	1	258	258			
	4	259	259			
	1	260	260			
	5	261	261			
	4	262	262			
	2	263	263			
	2	264	264			
	3	265	265			
	2	266	266			
	0	267	267			
	2	268	268			
	3	269	269			
	2	270	270			
	1	271	271			
	2	272	272			
	3	273	273			
	4	274	274			
	1	275	275			
	6	276	276			
	3	277	277			
	3	278	278			
	2	279	279			
	6	280	280			
	0	281	281			
	4	282	282			
	2	283	283			
	5	284	284			
	2	285	285			
	3	286	286			
	0	287	287			
	1	288	288			
	3	289	289			
	5	290	290			
	5	291	291			
	2	292	292			
	2	293	293			
	4	294	294			
	1	295	295			
	1	296	296			
	4	297	297			
	9	298	298			
	2	299	299			
	1	300	300			
	4	301	301			
	0	302	302			
	3	303	303			
	1	304	304			
	3	305	305			
	1	306	306			
	2	307	307			
	4	308	308			
	1	309	309			
	0	310	310			
	2	311	311			
	4	312	312			
	4	313	313			
	3	314	314			
	1	315	315			
	8	316	316			
	2	317	317			
	6	318	318			
	3	319	319			
	3	320	320			
	3	321	321			
	1	322	322			
	3	323	323			
	3	324	324			
	1	325	325			
	0	326	326			
	3	327	327			
	5	328	328			
	4	329	329			
	3	330	330			
	2	331	331			
	3	332	332			
	5	333	333			
	1	334	334			
	4	335	335			
	3	336	336			
	0	337	337			
	3	338	338			
	4	339	339			
	0	340	340			
	2	341	341			
	4	342	342			
	4	343	343			
	0	344	344			
	0	345	345			
	2	346	346			
	3	347	347			
	5	348	348			
	5	349	349			
	1	350	350			
	0	351	351			
	3	352	352			
	3	353	353			
	3	354	354			
	3	355	355			
	0	356	356			
	2	357	357			
	2	358	358			
	1	359	359			
	4	360	360			
	2	361	361			
	3	362	362			
	3	363	363			
	1	364	364			
	3	365	365			
	5	366	366			
	4	367	367			
	2	368	368			
	3	369	369			
	3	370	370			
	3	371	371			
	5	372	372			
	1	373	373			
	2	374	374			
	1	375	375			
	3	376	376			
	4	377	377			
	3	378	378			
	2	379	379			
	4	380	380			
	2	381	381			
	7	382	382			
	2	383	383			
	2	384	384			
	2	385	385			
	3	386	386			
	3	387	387			
	4	388	388			
	1	389	389			
	3	390	390			
	5	391	391			
	3	392	392			
	2	393	393			
	3	394	394			
	2	395	395			
	3	396	396			
	6	397	397			
	4	398	398			
	2	399	399			
	1	400	400			
	4	401	401			
	1	402	402			
	2	403	403			
	3	404	404			
	3	405	405			
	3	406	406			
	7	407	407			
	6	408	408			
	2	409	409			
	4	410	410			
	3	411	411			
	2	412	412			
	5	413	413			
	5	414	414			
	4	415	415			
	1	416	416			
	1	417	417			
	4	418	418			
	2	419	419			
	2	420	420			
	2	421	421			
	1	422	422			
	3	423	423			
	3	424	424			
	3	425	425			
	6	426	426			
	3	427	427			
	3	428	428			
	3	429	429			
	2	430	430			
	5	431	431			
	1	432	432			
	3	433	433			
	4	434	434			
	3	435	435			
	3	436	436			
	6	437	437			
	2	438	438			
	4	439	439			
	3	440	440			
	2	441	441			
	4	442	442			
	7	443	443			
	2	444	444			
	5	445	445			
	0	446	446			
	0	447	447			
	3	448	448			
	0	449	449			
	1	450	450			
	1	451	451			
	4	452	452			
	2	453	453			
	1	454	454			
	3	455	455			
	1	456	456			
	5	457	457			
	1	458	458			
	4	459	459			
	3	460	460			
	3	461	461			
	2	462	462			
	1	463	463			
	3	464	464			
	4	465	465			
	4	466	466			
	2	467	467			
	0	468	468			
	5	469	469			
	0	470	470			
	1	471	471			
	2	472	472			
	2	473	473			
	2	474	474			
	5	475	475			
	2	476	476			
	2	477	477			
	3	478	478			
	2	479	479			
	1	480	480			
	1	481	481			
	2	482	482			
	2	483	483			
	3	484	484			
	2	485	485			
	0	486	486			
	1	487	487			
	0	488	488			
	0	489	489			
	5	490	490			
	2	491	491			
	2	492	492			
	1	493	493			
	1	494	494			
	0	495	495			
	2	496	496			
	2	497	497			
	1	498	498			
	3	499	499			
	2	500	500			
	0	501	501			
	2	502	502			
	2	503	503			
	0	504	504			
	3	505	505			
	1	506	506			
	1	507	507			
	2	508	508			
	0	509	509			
	3	510	510			
	2	511	511			
	1	512	512			
	2	513	513			
	1	514	514			
	1	515	515			
	3	516	516			
	1	517	517			
	0	518	518			
	0	519	519			
	3	520	520			
	0	521	521			
	0	522	522			
	1	523	523			
	1	524	524			
	2	525	525			
	3	526	526			
	1	527	527			
	1	528	528			
	2	529	529			
	2	530	530			
	0	531	531			
	1	532	532			
	2	533	533			
	0	534	534			
	1	535	535			
	0	536	536			
	1	537	537			
	0	538	538			
	3	539	539			
	1	540	540			
	0	541	541			
	1	542	542			
	1	543	543			
	3	544	544			
	3	545	545			
	0	546	546			
	1	547	547			
	1	548	548			
	0	549	549			
	0	550	550			
	0	551	551			
	1	552	552			
	1	553	553			
	3	554	554			
	0	555	555			
	1	556	556			
	0	557	557			
	1	558	558			
	1	559	559			
	1	560	560			
	2	561	561			
	2	562	562			
	1	563	563			
	5	564	564			
	1	565	565			
	1	566	566			
	2	567	567			
	1	568	568			
	2	569	569			
	2	570	570			
	1	571	571			
	3	572	572			
	3	573	573			
	2	574	574			
	0	575	575			
	3	576	576			
	0	577	577			
	3	578	578			
	2	579	579			
	0	580	580			
	1	581	581			
	0	582	582			
	0	583	583			
	1	584	584			
	2	585	585			
	4	586	586			
	2	587	587			
	2	588	588			
	2	589	589			
	2	590	590			
	1	591	591			
	0	592	592			
	1	593	593			
	0	594	594			
	2	595	595			
	4	596	596			
	3	597	597			
	3	598	598			
	0	599	599			
	2	600	600			
	2	601	601			
	2	602	602			
	2	603	603			
	3	604	604			
	2	605	605			
	3	606	606			
	0	607	607			
	2	608	608			
	3	609	609			
	1	610	610			
	1	611	611			
	3	612	612			
	1	613	613			
	3	614	614			
	0	615	615			
	1	616	616			
	1	617	617			
	1	618	618			
	1	619	619			
	3	620	620			
	1	621	621			
	0	622	622			
	0	623	623			
	0	624	624			
	1	625	625			
	3	626	626			
	1	627	627			
	3	628	628			
	1	629	629			
	3	630	630			
	0	631	631			
	2	632	632			
	0	633	633			
	1	634	634			
	3	635	635			
	1	636	636			
	2	637	637			
	2	638	638			
	1	639	639			
	0	640	640			
	2	641	641			
	2	642	642			
	0	643	643			
	0	644	644			
	2	645	645			
	2	646	646			
	0	647	647			
	1	648	648			
	1	649	649			
	0	650	650			
	1	651	651			
	3	652	652			
	0	653	653			
	1	654	654			
	2	655	655			
	3	656	656			
	1	657	657			
	1	658	658			
	0	659	659			
	0	660	660			
	0	661	661			
	3	662	662			
	2	663	663			
	2	664	664			
	2	665	665			
	0	666	666			
	2	667	667			
	0	668	668			
	1	669	669			
	0	670	670			
	0	671	671			
	0	672	672			
	1	673	673			
	0	674	674			
	0	675	675			
	3	676	676			
	1	677	677			
	2	678	678			
	0	679	679			
	1	680	680			
	1	681	681			
	2	682	682			
	0	683	683			
	0	684	684			
	3	685	685			
	2	686	686			
	0	687	687			
	0	688	688			
	0	689	689			
	0	690	690			
	1	691	691			
	0	692	692			
	0	693	693			
	0	694	694			
	0	695	695			
	0	696	696			
	3	697	697			
	0	698	698			
	1	699	699			
	0	700	700			
	0	701	701			
	1	702	702			
	0	703	703			
	2	704	704			
	1	705	705			
	0	706	706			
	0	707	707			
	0	708	708			
	1	709	709			
	0	710	710			
	0	711	711			
	1	712	712			
	0	713	713			
	1	714	714			
	0	715	715			
	0	716	716			
	0	717	717			
	0	718	718			
	1	719	719			
	0	720	720			
	0	721	721			
	0	722	722			
	0	723	723			
	0	724	724			
	0	725	725			
	0	726	726			
	0	727	727			
	0	728	728			
	0	729	729			
	1	730	730			
	0	731	731			
	0	732	732			
	0	733	733			
	1	734	734			
	0	735	735			
	1	736	736			
	1	737	737			
	0	738	738			
	0	739	739			
	0	740	740			
	0	741	741			
	0	742	742			
	0	743	743			
	0	744	744			
	0	745	745			
	0	746	746			
	0	747	747			
	1	748	748			
	0	749	749			
	1	750	750			
	0	751	751			
	0	752	752			
	1	753	753			
	0	754	754			
	1	755	755			
	1	756	756			
	1	757	757			
	0	758	758			
	0	759	759			
	0	760	760			
	0	761	761			
	0	762	762			
	1	763	763			
	0	764	764			
	2	765	765			
	0	766	766			
	0	767	767			
	0	768	768			
	0	769	769			
	0	770	770			
	0	771	771			
	0	772	772			
	0	773	773			
	0	774	774			
	0	775	775			
	0	776	776			
	2	777	777			
	1	778	778			
	0	779	779			
	0	780	780			
	1	781	781			
	0	782	782			
	1	783	783			
	1	784	784			
	1	785	785			
	0	786	786			
	0	787	787			
	1	788	788			
	0	789	789			
	0	790	790			
	0	791	791			
	0	792	792			
	1	793	793			
	0	794	794			
	0	795	795			
	0	796	796			
	0	797	797			
	0	798	798			
	1	799	799			
	0	800	800			
	1	801	801			
	0	802	802			
	0	803	803			
	2	804	804			
	0	805	805			
	0	806	806			
	0	807	807			
	0	808	808			
	0	809	809			
	2	810	810			
	0	811	811			
	0	812	812			
	0	813	813			
	0	814	814			
	0	815	815			
	0	816	816			
	0	817	817			
	0	818	818			
	0	819	819			
	0	820	820			
	2	821	821			
	0	822	822			
	2	823	823			
	0	824	824			
	0	825	825			
	0	826	826			
	0	827	827			
	0	828	828			
	3	829	829			
	0	830	830			
	2	831	831			
	0	832	832			
	2	833	833			
	0	834	834			
	0	835	835			
	0	836	836			
	0	837	837			
	0	838	838			
	0	839	839			
	0	840	840			
	0	841	841			
	0	842	842			
	1	843	843			
	1	844	844			
	1	845	845			
	0	846	846			
	0	847	847			
	1	848	848			
	0	849	849			
	1	850	850			
	0	851	851			
	0	852	852			
	1	853	853			
	0	854	854			
	0	855	855			
	0	856	856			
	0	857	857			
	0	858	858			
	0	859	859			
	1	860	860			
	0	861	861			
	1	862	862			
	0	863	863			
	0	864	864			
	0	865	865			
	0	866	866			
	0	867	867			
	0	868	868			
	0	869	869			
	0	870	870			
	1	871	871			
	0	872	872			
	0	873	873			
	0	874	874			
	0	875	875			
	0	876	876			
	1	877	877			
	0	878	878			
	0	879	879			
	0	880	880			
	0	881	881			
	0	882	882			
	0	883	883			
	0	884	884			
	0	885	885			
	0	886	886			
	0	887	887			
	1	888	888			
	0	889	889			
	0	890	890			
	0	891	891			
	0	892	892			
	0	893	893			
	0	894	894			
	1	895	895			
	0	896	896			
	0	897	897			
	0	898	898			
	1	899	899			
	1	900	900			
	3	901	901			
	0	902	902			
	0	903	903			
	0	904	904			
	0	905	905			
	1	906	906			
	0	907	907			
	0	908	908			
	1	909	909			
	0	910	910			
	0	911	911			
	0	912	912			
	1	913	913			
	1	914	914			
	0	915	915			
	2	916	916			
	0	917	917			
	0	918	918			
	0	919	919			
	0	920	920			
	0	921	921			
	0	922	922			
	0	923	923			
	0	924	924			
	1	925	925			
	0	926	926			
	0	927	927			
	0	928	928			
	0	929	929			
	0	930	930			
	2	931	931			
	0	932	932			
	0	933	933			
	0	934	934			
	1	935	935			
	0	936	936			
	0	937	937			
	0	938	938			
	1	939	939			
	0	940	940			
	0	941	941			
	0	942	942			
	0	943	943			
	0	944	944			
	1	945	945			
	0	946	946			
	0	947	947			
	0	948	948			
	1	949	949			
	1	950	950			
	2	951	951			
	0	952	952			
	0	953	953			
	0	954	954			
	1	955	955			
	0	956	956			
	0	957	957			
	1	958	958			
	1	959	959			
	0	960	960			
	0	961	961			
	0	962	962			
	0	963	963			
	0	964	964			
	1	965	965			
	0	966	966			
	0	967	967			
	0	968	968			
	0	969	969			
	0	970	970			
	0	971	971			
	1	972	972			
	0	973	973			
	0	974	974			
	0	975	975			
	0	976	976			
	0	977	977			
	0	978	978			
	0	979	979			
	0	980	980			
	0	981	981			
	1	982	982			
	1	983	983			
	1	984	984			
	0	985	985			
	0	986	986			
	0	987	987			
	0	988	988			
	0	989	989			
	0	990	990			
	0	991	991			
	0	992	992			
	1	993	993			
	0	994	994			
	0	995	995			
	0	996	996			
	0	997	997			
	1	998	998			
	0	999	999			
	0	1000	1000			
	1	1001	1001			
	1	1002	1002			
	0	1003	1003			
	0	1004	1004			
	0	1005	1005			
	1	1006	1006			
	0	1007	1007			
	0	1008	1008			
	0	1009	1009			
	0	1010	1010			
	1	1011	1011			
	0	1012	1012			
	0	1013	1013			
	0	1014	1014			
	1	1015	1015			
	0	1016	1016			
	0	1017	1017			
	0	1018	1018			
	0	1019	1019			
	1	1020	1020			
	0	1021	1021			
	0	1022	1022			
	0	1023	1023			
	0	1024	1024			
	0	1025	1025			
	0	1026	1026			
	0	1027	1027			
	0	1028	1028			
	0	1029	1029			
	0	1030	1030			
	1	1031	1031			
	0	1032	1032			
	0	1033	1033			
	0	1034	1034			
	0	1035	1035			
	0	1036	1036			
	0	1037	1037			
	0	1038	1038			
	0	1039	1039			
	1	1040	1040			
	0	1041	1041			
	0	1042	1042			
	0	1043	1043			
	0	1044	1044			
	0	1045	1045			
	0	1046	1046			
	0	1047	1047			
	0	1048	1048			
	1	1049	1049			
	1	1050	1050			
	0	1051	1051			
	0	1052	1052			
	0	1053	1053			
	0	1054	1054			
	0	1055	1055			
	0	1056	1056			
	0	1057	1057			
	1	1058	1058			
	0	1059	1059			
	0	1060	1060			
	0	1061	1061			
	0	1062	1062			
	0	1063	1063			
	0	1064	1064			
	1	1065	1065			
	0	1066	1066			
	0	1067	1067			
	0	1068	1068			
	0	1069	1069			
	0	1070	1070			
	0	1071	1071			
	0	1072	1072			
	0	1073	1073			
	0	1074	1074			
	0	1075	1075			
	0	1076	1076			
	0	1077	1077			
	0	1078	1078			
	0	1079	1079			
	0	1080	1080			
	0	1081	1081			
	0	1082	1082			
	0	1083	1083			
	0	1084	1084			
	0	1085	1085			
	0	1086	1086			
	0	1087	1087			
	0	1088	1088			
	0	1089	1089			
	0	1090	1090			
	0	1091	1091			
	0	1092	1092			
	0	1093	1093			
	1	1094	1094			
	0	1095	1095			
	0	1096	1096			
	0	1097	1097			
	0	1098	1098			
	0	1099	1099			
	0	1100	1100			
	0	1101	1101			
	0	1102	1102			
	0	1103	1103			
	0	1104	1104			
	0	1105	1105			
	0	1106	1106			
	0	1107	1107			
	0	1108	1108			
	2	1109	1109			
	0	1110	1110			
	0	1111	1111			
	0	1112	1112			
	1	1113	1113			
	0	1114	1114			
	0	1115	1115			
	0	1116	1116			
	0	1117	1117			
	0	1118	1118			
	0	1119	1119			
	0	1120	1120			
	0	1121	1121			
	0	1122	1122			
	0	1123	1123			
	0	1124	1124			
	0	1125	1125			
	0	1126	1126			
	0	1127	1127			
	0	1128	1128			
	0	1129	1129			
	0	1130	1130			
	1	1131	1131			
	0	1132	1132			
	0	1133	1133			
	0	1134	1134			
	0	1135	1135			
	0	1136	1136			
	0	1137	1137			
	0	1138	1138			
	0	1139	1139			
	0	1140	1140			
	0	1141	1141			
	0	1142	1142			
	0	1143	1143			
	0	1144	1144			
	0	1145	1145			
	0	1146	1146			
	0	1147	1147			
	0	1148	1148			
	0	1149	1149			
	0	1150	1150			
	0	1151	1151			
	1	1152	1152			
	0	1153	1153			
	0	1154	1154			
	0	1155	1155			
	0	1156	1156			
	1	1157	1157			
	0	1158	1158			
	0	1159	1159			
	0	1160	1160			
	0	1161	1161			
	0	1162	1162			
	0	1163	1163			
	0	1164	1164			
	1	1165	1165			
	1	1166	1166			
	0	1167	1167			
	1	1168	1168			
	0	1169	1169			
	0	1170	1170			
	0	1171	1171			
	1	1172	1172			
	1	1173	1173			
	0	1174	1174			
	0	1175	1175			
	0	1176	1176			
	0	1177	1177			
	0	1178	1178			
	0	1179	1179			
	0	1180	1180			
	0	1181	1181			
	0	1182	1182			
	0	1183	1183			
	1	1184	1184			
	0	1185	1185			
	0	1186	1186			
	0	1187	1187			
	0	1188	1188			
	0	1189	1189			
	0	1190	1190			
	0	1191	1191			
	0	1192	1192			
	0	1193	1193			
	0	1194	1194			
	0	1195	1195			
	0	1196	1196			
	0	1197	1197			
	0	1198	1198			
	0	1199	1199			
	2	1200	1200			
	0	1201	1201			
	1	1202	1202			
	0	1203	1203			
	0	1204	1204			
	0	1205	1205			
	0	1206	1206			
	0	1207	1207			
	0	1208	1208			
	0	1209	1209			
	0	1210	1210			
	0	1211	1211			
	0	1212	1212			
	0	1213	1213			
	1	1214	1214			
	1	1215	1215			
	0	1216	1216			
	0	1217	1217			
	0	1218	1218			
	0	1219	1219			
	2	1220	1220			
	0	1221	1221			
	0	1222	1222			
	0	1223	1223			
	0	1224	1224			
	0	1225	1225			
	0	1226	1226			
	0	1227	1227			
	0	1228	1228			
	0	1229	1229			
	0	1230	1230			
	0	1231	1231			
	0	1232	1232			
	0	1233	1233			
	1	1234	1234			
	0	1235	1235			
	0	1236	1236			
	0	1237	1237			
	0	1238	1238			
	0	1239	1239			
	0	1240	1240			
	0	1241	1241			
	0	1242	1242			
	0	1243	1243			
	0	1244	1244			
	0	1245	1245			
	0	1246	1246			
	1	1247	1247			
	0	1248	1248			
	0	1249	1249			
	0	1250	1250			
	0	1251	1251			
	1	1252	1252			
	0	1253	1253			
	0	1254	1254			
	0	1255	1255			
	0	1256	1256			
	1	1257	1257			
	1	1258	1258			
	0	1259	1259			
	0	1260	1260			
	0	1261	1261			
	0	1262	1262			
	1	1263	1263			
	0	1264	1264			
	0	1265	1265			
	0	1266	1266			
	0	1267	1267			
	0	1268	1268			
	0	1269	1269			
	0	1270	1270			
	1	1271	1271			
	0	1272	1272			
	0	1273	1273			
	0	1274	1274			
	0	1275	1275			
	0	1276	1276			
	0	1277	1277			
	1	1278	1278			
	0	1279	1279			
	0	1280	1280			
	0	1281	1281			
	0	1282	1282			
	0	1283	1283			
	0	1284	1284			
	0	1285	1285			
	0	1286	1286			
	0	1287	1287			
	0	1288	1288			
	0	1289	1289			
	0	1290	1290			
	0	1291	1291			
	0	1292	1292			
	0	1293	1293			
	0	1294	1294			
	0	1295	1295			
	0	1296	1296			
	0	1297	1297			
	0	1298	1298			
	1	1299	1299			
	0	1300	1300			
	0	1301	1301			
	0	1302	1302			
	0	1303	1303			
	0	1304	1304			
	0	1305	1305			
	0	1306	1306			
	0	1307	1307			
	0	1308	1308			
	0	1309	1309			
	0	1310	1310			
	0	1311	1311			
	0	1312	1312			
	0	1313	1313			
	0	1314	1314			
	0	1315	1315			
	0	1316	1316			
	0	1317	1317			
	0	1318	1318			
	1	1319	1319			
	0	1320	1320			
	0	1321	1321			
	0	1322	1322			
	0	1323	1323			
	0	1324	1324			
	0	1325	1325			
	0	1326	1326			
	0	1327	1327			
	0	1328	1328			
	0	1329	1329			
	0	1330	1330			
	0	1331	1331			
	0	1332	1332			
	0	1333	1333			
	0	1334	1334			
	0	1335	1335			
	0	1336	1336			
	0	1337	1337			
	0	1338	1338			
	1	1339	1339			
	0	1340	1340			
	0	1341	1341			
	0	1342	1342			
	0	1343	1343			
	0	1344	1344			
	0	1345	1345			
	0	1346	1346			
	0	1347	1347			
	0	1348	1348			
	0	1349	1349			
	1	1350	1350			
	0	1351	1351			
	0	1352	1352			
	0	1353	1353			
	0	1354	1354			
	0	1355	1355			
	0	1356	1356			
	0	1357	1357			
	0	1358	1358			
	0	1359	1359			
	0	1360	1360			
	0	1361	1361			
	0	1362	1362			
	0	1363	1363			
	0	1364	1364			
	0	1365	1365			
	0	1366	1366			
	0	1367	1367			
	0	1368	1368			
	0	1369	1369			
	0	1370	1370			
	0	1371	1371			
	0	1372	1372			
	0	1373	1373			
	0	1374	1374			
	1	1375	1375			
	0	1376	1376			
	0	1377	1377			
	0	1378	1378			
	0	1379	1379			
	0	1380	1380			
	0	1381	1381			
	0	1382	1382			
	0	1383	1383			
	0	1384	1384			
	0	1385	1385			
	1	1386	1386			
	0	1387	1387			
	0	1388	1388			
	0	1389	1389			
	0	1390	1390			
	0	1391	1391			
	0	1392	1392			
	0	1393	1393			
	0	1394	1394			
	0	1395	1395			
	0	1396	1396			
	1	1397	1397			
	1	1398	1398			
	0	1399	1399			
	0	1400	1400			
	1	1401	1401			
	1	1402	1402			
	0	1403	1403			
	0	1404	1404			
	0	1405	1405			
	0	1406	1406			
	0	1407	1407			
	1	1408	1408			
	0	1409	1409			
	0	1410	1410			
	0	1411	1411			
	0	1412	1412			
	0	1413	1413			
	0	1414	1414			
	0	1415	1415			
	0	1416	1416			
	0	1417	1417			
	0	1418	1418			
	0	1419	1419			
	0	1420	1420			
	0	1421	1421			
	1	1422	1422			
	0	1423	1423			
	1	1424	1424			
	0	1425	1425			
	0	1426	1426			
	0	1427	1427			
	1	1428	1428			
	0	1429	1429			
	0	1430	1430			
	0	1431	1431			
	0	1432	1432			
	0	1433	1433			
	0	1434	1434			
	0	1435	1435			
	0	1436	1436			
	0	1437	1437			
	0	1438	1438			
	1	1439	1439			
	0	1440	1440			
	0	1441	1441			
	0	1442	1442			
	0	1443	1443			
	0	1444	1444			
	1	1445	1445			
	0	1446	1446			
	0	1447	1447			
	0	1448	1448			
	0	1449	1449			
	0	1450	1450			
	0	1451	1451			
	0	1452	1452			
	0	1453	1453			
	0	1454	1454			
	1	1455	1455			
	0	1456	1456			
	0	1457	1457			
	0	1458	1458			
	0	1459	1459			
	0	1460	1460			
	0	1461	1461			
	0	1462	1462			
	0	1463	1463			
	0	1464	1464			
	0	1465	1465			
	0	1466	1466			
	0	1467	1467			
	0	1468	1468			
	0	1469	1469			
	1	1470	1470			
	0	1471	1471			
	0	1472	1472			
	0	1473	1473			
	0	1474	1474			
	0	1475	1475			
	1	1476	1476			
	1	1477	1477			
	0	1478	1478			
	0	1479	1479			
	0	1480	1480			
	0	1481	1481			
	0	1482	1482			
	0	1483	1483			
	0	1484	1484			
	0	1485	1485			
	0	1486	1486			
	0	1487	1487			
	0	1488	1488			
	1	1489	1489			
	0	1490	1490			
	0	1491	1491			
	1	1492	1492			
	0	1493	1493			
	0	1494	1494			
	0	1495	1495			
	0	1496	1496			
	0	1497	1497			
	0	1498	1498			
	0	1499	1499			
	1	1500	1500			
	0	1501	1501			
	0	1502	1502			
	0	1503	1503			
	0	1504	1504			
	0	1505	1505			
	0	1506	1506			
	0	1507	1507			
	0	1508	1508			
	0	1509	1509			
	0	1510	1510			
	0	1511	1511			
	0	1512	1512			
	0	1513	1513			
	0	1514	1514			
	0	1515	1515			
	0	1516	1516			
	0	1517	1517			
	0	1518	1518			
	0	1519	1519			
	0	1520	1520			
	0	1521	1521			
	0	1522	1522			
	0	1523	1523			
	0	1524	1524			
	0	1525	1525			
	0	1526	1526			
	0	1527	1527			
	0	1528	1528			
	0	1529	1529			
	0	1530	1530			
	0	1531	1531			
	0	1532	1532			
	0	1533	1533			
	0	1534	1534			
	0	1535	1535			
	0	1536	1536			
	0	1537	1537			
	0	1538	1538			
	0	1539	1539			
	0	1540	1540			
	0	1541	1541			
	0	1542	1542			
	0	1543	1543			
	0	1544	1544			
	0	1545	1545			
	0	1546	1546			
	0	1547	1547			
	0	1548	1548			
	0	1549	1549			
	0	1550	1550			
	0	1551	1551			
	0	1552	1552			
	0	1553	1553			
	0	1554	1554			
	0	1555	1555			
	0	1556	1556			
	0	1557	1557			
	0	1558	1558			
	0	1559	1559			
	0	1560	1560			
	0	1561	1561			
	0	1562	1562			
	0	1563	1563			
	0	1564	1564			
	0	1565	1565			
	0	1566	1566			
	0	1567	1567			
	2	1568	1568			
	0	1569	1569			
	1	1570	1570			
	0	1571	1571			
	0	1572	1572			
	0	1573	1573			
	0	1574	1574			
	0	1575	1575			
	0	1576	1576			
	0	1577	1577			
	0	1578	1578			
	0	1579	1579			
	0	1580	1580			
	0	1581	1581			
	0	1582	1582			
	0	1583	1583			
	0	1584	1584			
	0	1585	1585			
	0	1586	1586			
	0	1587	1587			
	0	1588	1588			
	0	1589	1589			
	0	1590	1590			
	0	1591	1591			
	0	1592	1592			
	0	1593	1593			
	0	1594	1594			
	0	1595	1595			
	0	1596	1596			
	0	1597	1597			
	0	1598	1598			
	0	1599	1599			
	0	1600	1600			
	0	1601	1601			
	0	1602	1602			
	0	1603	1603			
	0	1604	1604			
	0	1605	1605			
	0	1606	1606			
	0	1607	1607			
	0	1608	1608			
	0	1609	1609			
	0	1610	1610			
	0	1611	1611			
	0	1612	1612			
	0	1613	1613			
	0	1614	1614			
	0	1615	1615			
	0	1616	1616			
	0	1617	1617			
	0	1618	1618			
	0	1619	1619			
	0	1620	1620			
	1	1621	1621			
	0	1622	1622			
	0	1623	1623			
	0	1624	1624			
	0	1625	1625			
	0	1626	1626			
	0	1627	1627			
	0	1628	1628			
	0	1629	1629			
	0	1630	1630			
	0	1631	1631			
	0	1632	1632			
	0	1633	1633			
	0	1634	1634			
	0	1635	1635			
	0	1636	1636			
	0	1637	1637			
	1	1638	1638			
	0	1639	1639			
	0	1640	1640			
	0	1641	1641			
	0	1642	1642			
	0	1643	1643			
	0	1644	1644			
	0	1645	1645			
	0	1646	1646			
	0	1647	1647			
	0	1648	1648			
	0	1649	1649			
	0	1650	1650			
	0	1651	1651			
	0	1652	1652			
	0	1653	1653			
	0	1654	1654			
	0	1655	1655			
	0	1656	1656			
	0	1657	1657			
	0	1658	1658			
	0	1659	1659			
	0	1660	1660			
	0	1661	1661			
	0	1662	1662			
	0	1663	1663			
	0	1664	1664			
	0	1665	1665			
	0	1666	1666			
	0	1667	1667			
	0	1668	1668			
	0	1669	1669			
	0	1670	1670			
	0	1671	1671			
	0	1672	1672			
	0	1673	1673			
	0	1674	1674			
	0	1675	1675			
	0	1676	1676			
	0	1677	1677			
	0	1678	1678			
	0	1679	1679			
	0	1680	1680			
	0	1681	1681			
	0	1682	1682			
	0	1683	1683			
	0	1684	1684			
	0	1685	1685			
	0	1686	1686			
	0	1687	1687			
	0	1688	1688			
	0	1689	1689			
	0	1690	1690			
	0	1691	1691			
	0	1692	1692			
	0	1693	1693			
	0	1694	1694			
	0	1695	1695			
	0	1696	1696			
	0	1697	1697			
	0	1698	1698			
	0	1699	1699			
	0	1700	1700			
	0	1701	1701			
	0	1702	1702			
	0	1703	1703			
	1	1704	1704			
	0	1705	1705			
	0	1706	1706			
	0	1707	1707			
	0	1708	1708			
	0	1709	1709			
	0	1710	1710			
	0	1711	1711			
	1	1712	1712			
	0	1713	1713			
	0	1714	1714			
	0	1715	1715			
	0	1716	1716			
	0	1717	1717			
	0	1718	1718			
	0	1719	1719			
	0	1720	1720			
	0	1721	1721			
	0	1722	1722			
	0	1723	1723			
	0	1724	1724			
	0	1725	1725			
	0	1726	1726			
	0	1727	1727			
	0	1728	1728			
	1	1729	1729			
	0	1730	1730			
	0	1731	1731			
	0	1732	1732			
	0	1733	1733			
	0	1734	1734			
	0	1735	1735			
	0	1736	1736			
	0	1737	1737			
	0	1738	1738			
	0	1739	1739			
	0	1740	1740			
	0	1741	1741			
	0	1742	1742			
	1	1743	1743			
	0	1744	1744			
	1	1745	1745			
	0	1746	1746			
	0	1747	1747			
	0	1748	1748			
	0	1749	1749			
	1	1750	1750			
	0	1751	1751			
	0	1752	1752			
	0	1753	1753			
	0	1754	1754			
	0	1755	1755			
	0	1756	1756			
	0	1757	1757			
	0	1758	1758			
	0	1759	1759			
	0	1760	1760			
	0	1761	1761			
	0	1762	1762			
	0	1763	1763			
	0	1764	1764			
	0	1765	1765			
	0	1766	1766			
	0	1767	1767			
	0	1768	1768			
	0	1769	1769			
	0	1770	1770			
	0	1771	1771			
	0	1772	1772			
	0	1773	1773			
	0	1774	1774			
	0	1775	1775			
	0	1776	1776			
	0	1777	1777			
	0	1778	1778			
	0	1779	1779			
	0	1780	1780			
	0	1781	1781			
	0	1782	1782			
	0	1783	1783			
	0	1784	1784			
	0	1785	1785			
	0	1786	1786			
	1	1787	1787			
	0	1788	1788			
	0	1789	1789			
	0	1790	1790			
	0	1791	1791			
	0	1792	1792			
	0	1793	1793			
	0	1794	1794			
	0	1795	1795			
	0	1796	1796			
	0	1797	1797			
	0	1798	1798			
	0	1799	1799			
	0	1800	1800			
	0	1801	1801			
	0	1802	1802			
	0	1803	1803			
	0	1804	1804			
	0	1805	1805			
	0	1806	1806			
	0	1807	1807			
	0	1808	1808			
	0	1809	1809			
	0	1810	1810			
	0	1811	1811			
	1	1812	1812			
	0	1813	1813			
	0	1814	1814			
	0	1815	1815			
	0	1816	1816			
	0	1817	1817			
	0	1818	1818			
	0	1819	1819			
	0	1820	1820			
	0	1821	1821			
	0	1822	1822			
	0	1823	1823			
	0	1824	1824			
	0	1825	1825			
	0	1826	1826			
	0	1827	1827			
	0	1828	1828			
	0	1829	1829			
	0	1830	1830			
	0	1831	1831			
	0	1832	1832			
	0	1833	1833			
	0	1834	1834			
	0	1835	1835			
	0	1836	1836			
	0	1837	1837			
	0	1838	1838			
	0	1839	1839			
	0	1840	1840			
	0	1841	1841			
	0	1842	1842			
	0	1843	1843			
	0	1844	1844			
	0	1845	1845			
	0	1846	1846			
	0	1847	1847			
	0	1848	1848			
	0	1849	1849			
	0	1850	1850			
	0	1851	1851			
	0	1852	1852			
	0	1853	1853			
	0	1854	1854			
	0	1855	1855			
	0	1856	1856			
	0	1857	1857			
	0	1858	1858			
	0	1859	1859			
	0	1860	1860			
	0	1861	1861			
	0	1862	1862			
	0	1863	1863			
	0	1864	1864			
	0	1865	1865			
	0	1866	1866			
	0	1867	1867			
	0	1868	1868			
	0	1869	1869			
	0	1870	1870			
	0	1871	1871			
	0	1872	1872			
	0	1873	1873			
	0	1874	1874			
	0	1875	1875			
	0	1876	1876			
	0	1877	1877			
	0	1878	1878			
	0	1879	1879			
	0	1880	1880			
	0	1881	1881			
	0	1882	1882			
	0	1883	1883			
	0	1884	1884			
	0	1885	1885			
	0	1886	1886			
	1	1887	1887			
	0	1888	1888			
	0	1889	1889			
	0	1890	1890			
	0	1891	1891			
	0	1892	1892			
	0	1893	1893			
	0	1894	1894			
	0	1895	1895			
	0	1896	1896			
	0	1897	1897			
	0	1898	1898			
	0	1899	1899			
	0	1900	1900			
	0	1901	1901			
	0	1902	1902			
	0	1903	1903			
	0	1904	1904			
	0	1905	1905			
	0	1906	1906			
	0	1907	1907			
	0	1908	1908			
	0	1909	1909			
	0	1910	1910			
	0	1911	1911			
	0	1912	1912			
	0	1913	1913			
	0	1914	1914			
	0	1915	1915			
	0	1916	1916			
	0	1917	1917			
	0	1918	1918			
	0	1919	1919			
	0	1920	1920			
	0	1921	1921			
	0	1922	1922			
	0	1923	1923			
	0	1924	1924			
	0	1925	1925			
	0	1926	1926			
	0	1927	1927			
	1	1928	1928			
	0	1929	1929			
	0	1930	1930			
	0	1931	1931			
	0	1932	1932			
	0	1933	1933			
	0	1934	1934			
	0	1935	1935			
	0	1936	1936			
	0	1937	1937			
	0	1938	1938			
	0	1939	1939			
	0	1940	1940			
	0	1941	1941			
	0	1942	1942			
	0	1943	1943			
	0	1944	1944			
	0	1945	1945			
	0	1946	1946			
	0	1947	1947			
	0	1948	1948			
	0	1949	1949			
	0	1950	1950			
	0	1951	1951			
	0	1952	1952			
	0	1953	1953			
	0	1954	1954			
	0	1955	1955			
	0	1956	1956			
	0	1957	1957			
	0	1958	1958			
	0	1959	1959			
	0	1960	1960			
	0	1961	1961			
	0	1962	1962			
	0	1963	1963			
	0	1964	1964			
	0	1965	1965			
	0	1966	1966			
	0	1967	1967			
	0	1968	1968			
	0	1969	1969			
	0	1970	1970			
	0	1971	1971			
	0	1972	1972			
	0	1973	1973			
	0	1974	1974			
	0	1975	1975			
	0	1976	1976			
	0	1977	1977			
	0	1978	1978			
	0	1979	1979			
	0	1980	1980			
	0	1981	1981			
	0	1982	1982			
	0	1983	1983			
	0	1984	1984			
	0	1985	1985			
	0	1986	1986			
	0	1987	1987			
	0	1988	1988			
	1	1989	1989			
	0	1990	1990			
	0	1991	1991			
	0	1992	1992			
	0	1993	1993			
	0	1994	1994			
	0	1995	1995			
	0	1996	1996			
	0	1997	1997			
	0	1998	1998			
	0	1999	1999			
	0	2000	2000			
	0	2001	2001			
	0	2002	2002			
	0	2003	2003			
	0	2004	2004			
	0	2005	2005			
	0	2006	2006			
	0	2007	2007			
	0	2008	2008			
	0	2009	2009			
	0	2010	2010			
	0	2011	2011			
	0	2012	2012			
	0	2013	2013			
	0	2014	2014			
	0	2015	2015			
	0	2016	2016			
	0	2017	2017			
	0	2018	2018			
	0	2019	2019			
	0	2020	2020			
	0	2021	2021			
	0	2022	2022			
	0	2023	2023			
	0	2024	2024			
	1	2025	2025			
	0	2026	2026			
	0	2027	2027			
	0	2028	2028			
	0	2029	2029			
	0	2030	2030			
	0	2031	2031			
	0	2032	2032			
	0	2033	2033			
	0	2034	2034			
	0	2035	2035			
	0	2036	2036			
	0	2037	2037			
	0	2038	2038			
	0	2039	2039			
	0	2040	2040			
	0	2041	2041			
	0	2042	2042			
	0	2043	2043			
	0	2044	2044			
	0	2045	2045			
	0	2046	2046			
	5	2047	2047			
