MIN=0	0	0	0	0	0	0
MAX=600	21544.3469003189	511	511	2000	1000	100
SCALE=600	5	100	500	500	500	50
DEC=0	0	0	1	0	0	0
DEF="Time" t / s	"Events" N	"Channel" n	"Energy" E / keV	"Voltage" U / V	"Rate" R / 1/s	"Dead time" t / %
0	0	0	0	700.377604166667		
1	81	1	1	705.421875	935.209149483768	6.54646404638637
1.999	707	2	2	700.765625	700.552537221433	4.90386776055003
3	1800	3	3	700.765625	991.040573620678	6.93728401534475
3.999	1928	4	4	699.6015625	687.79006444703	4.81453045112921
4.999	1127	5	5	699.6015625	1026.12990804636	7.18290935632451
6	1255	6	6	704.645833333333	1204.60910434564	8.43226373041948
7	4193	7	7	702.317708333333	1194.88995063555	8.36422965444883
8	11535	8	8	696.497395833333	1158.70795082111	8.11095565574776
9	19522	9	9	708.9140625	933.217604994749	6.53252323496324
9.999	18221	10	10	699.6015625	1088.80618450792	7.62164329155544
11	9339	11	11	696.109375	980.557545020098	6.86390281514069
11.999	2866	12	12	703.09375	1177.04249123393	8.23929743863753
12.999	837	13	13	696.109375	1055.72449120962	7.39007143846736
14	693	14	14	726.375	1004.4997981978	7.03149858738457
14.999	724	15	15	696.109375	1068.65907034651	7.48061349242556
15.999	682	16	16	701.153645833333	1034.00970081024	7.23806790567166
17	568	17	17	698.825520833333	1113.40838271691	7.79385867901834
18	422	18	18	699.6015625	983.375540292685	6.8836287820488
19	261	19	19	705.421875	1425.94007098161	9.98158049687126
19.999	134	20	20	706.197916666667	955.329072392459	6.68730350674721
20.999	89	21	21	696.109375	1032.86180309075	7.23003262163522
21.999	52	22	22	728.703125	1127.27952022984	7.89095664160885
22.999	59	23	23	702.705729166667	1220.83371056243	8.54583597393703
24	51	24	24	697.2734375	1021.04482386777	7.14731376707437
25	35	25	25	696.109375	765.88146796612	5.36117027576284
25.999	46	26	26	696.109375	912.419176787575	6.38693423751303
26.999	42	27	27	696.109375	1048.36531963549	7.33855723744845
28	62	28	28	697.2734375	1130.4414603586	7.91309022251023
29	57	29	29	696.109375	1221.77749164868	8.55244244154076
30	69	30	30	724.046875	971.876921772894	6.80313845241026
30.999	47	31	31	715.510416666667	979.604239887086	6.8572296792096
31.999	42	32	32	701.541666666667	681.25901467738	4.76881310274166
33	26	33	33	696.109375	942.847336901674	6.59993135831171
33.999	32	34	34	710.078125	897.680927979881	6.28376649585917
34.999	29	35	35	696.885416666667	956.153637120705	6.69307545984493
36	22	36	36	695.333333333333	846.848244794533	5.92793771356173
37	28	37	37	703.481770833333	1002.68025426106	7.0187617798274
37.999	39	38	38	704.2578125	1265.37444972729	8.85762114809106
39	45	39	39	714.734375	1086.25942848774	7.60381599941415
40	37	40	40	696.109375	924.078916339455	6.46855241437619
40.999	45	41	41	698.049479166667	1127.98868207984	7.8959207745589
42	54	42	42	701.541666666667	1114.17790832926	7.79924535830484
43	48	43	43	699.213541666667	1450.94924966148	10.1566447476304
44	54	44	44	697.2734375	1089.22251297024	7.62455759079169
45	64	45	45	696.109375	881.120537289501	6.16784376102651
46	77	46	46	719.390625	998.168356060769	6.98717849242538
47	50	47	47	701.541666666667	1162.54977478513	8.1378484234959
47.999	46	48	48	696.109375	1238.07149729771	8.66650048108396
49	59	49	49	696.497395833333	1213.97489435814	8.49782426050699
50	36	50	50	696.109375	947.229124511967	6.63060387158377
51	30	51	51	706.197916666667	1097.61431475517	7.68330020328616
51.999	26	52	52	695.721354166667	934.687517774863	6.54281262442404
52.999	26	53	53	696.109375	1179.11674146584	8.25381719026089
53.999	16	54	54	696.109375	1123.67464904579	7.86572254332054
55	20	55	55	696.109375	890.125474650148	6.23087832255103
56	16	56	56	698.049479166667	980.142669207244	6.86099868445071
57	9	57	57	696.497395833333	990.431012921215	6.93301709044851
57.999	6	58	58	695.721354166667	860.789867882066	6.02552907517446
59	15	59	59	720.5546875	848.454189419946	5.93917932593962
59.999	13	60	60	696.109375	1225.86809659281	8.58107667614964
60.999	10	61	61	696.885416666667	1097.56216022264	7.68293512155851
62	7	62	62	712.018229166667	930.463866719996	6.51324706703997
63	9	63	63	696.885416666667	976.43418653318	6.83503930573226
64	7	64	64	696.109375	951.055382940175	6.65738768058122
65	5	65	65	711.2421875	1049.12013791101	7.34384096537704
66	1	66	66	709.690104166667	1213.48126667036	8.49436886669253
67	8	67	67	723.270833333333	1011.48763819037	7.0804134673326
68	5	68	68	696.109375	1082.65246855759	7.57856727990315
69	4	69	69	720.5546875	924.913562774816	6.47439493942371
70	8	70	70	696.109375	1075.06723612652	7.52547065288567
71	15	71	71	699.6015625	1304.67674470283	9.13273721291981
71.999	2	72	72	696.109375	1038.840201533	7.27188141073097
72.999	7	73	73	696.109375	1097.20065023575	7.68040455165028
74	4	74	74	698.4375	920.516661906778	6.44361663334744
75	3	75	75	696.109375	1310.67509319677	9.17472565237742
76	1	76	76	700.377604166667	940.353572943427	6.58247501060399
	4	77	77			
	8	78	78			
	8	79	79			
	11	80	80			
	7	81	81			
	8	82	82			
	3	83	83			
	5	84	84			
	17	85	85			
	13	86	86			
	16	87	87			
	8	88	88			
	9	89	89			
	6	90	90			
	3	91	91			
	7	92	92			
	4	93	93			
	7	94	94			
	5	95	95			
	5	96	96			
	9	97	97			
	4	98	98			
	5	99	99			
	2	100	100			
	1	101	101			
	2	102	102			
	3	103	103			
	2	104	104			
	2	105	105			
	0	106	106			
	5	107	107			
	1	108	108			
	0	109	109			
	3	110	110			
	0	111	111			
	2	112	112			
	0	113	113			
	3	114	114			
	3	115	115			
	1	116	116			
	2	117	117			
	0	118	118			
	2	119	119			
	2	120	120			
	0	121	121			
	3	122	122			
	2	123	123			
	1	124	124			
	2	125	125			
	2	126	126			
	4	127	127			
	1	128	128			
	1	129	129			
	3	130	130			
	1	131	131			
	0	132	132			
	1	133	133			
	2	134	134			
	2	135	135			
	1	136	136			
	1	137	137			
	2	138	138			
	0	139	139			
	2	140	140			
	1	141	141			
	0	142	142			
	2	143	143			
	1	144	144			
	2	145	145			
	0	146	146			
	2	147	147			
	2	148	148			
	0	149	149			
	1	150	150			
	1	151	151			
	1	152	152			
	0	153	153			
	0	154	154			
	0	155	155			
	1	156	156			
	1	157	157			
	0	158	158			
	1	159	159			
	0	160	160			
	0	161	161			
	2	162	162			
	0	163	163			
	0	164	164			
	1	165	165			
	2	166	166			
	0	167	167			
	1	168	168			
	1	169	169			
	1	170	170			
	0	171	171			
	1	172	172			
	0	173	173			
	1	174	174			
	1	175	175			
	0	176	176			
	0	177	177			
	1	178	178			
	1	179	179			
	3	180	180			
	3	181	181			
	1	182	182			
	1	183	183			
	0	184	184			
	1	185	185			
	2	186	186			
	1	187	187			
	1	188	188			
	0	189	189			
	0	190	190			
	0	191	191			
	0	192	192			
	0	193	193			
	0	194	194			
	0	195	195			
	0	196	196			
	0	197	197			
	0	198	198			
	1	199	199			
	0	200	200			
	0	201	201			
	0	202	202			
	0	203	203			
	1	204	204			
	2	205	205			
	0	206	206			
	1	207	207			
	1	208	208			
	0	209	209			
	0	210	210			
	0	211	211			
	1	212	212			
	2	213	213			
	0	214	214			
	0	215	215			
	0	216	216			
	0	217	217			
	0	218	218			
	0	219	219			
	0	220	220			
	0	221	221			
	0	222	222			
	0	223	223			
	0	224	224			
	0	225	225			
	0	226	226			
	0	227	227			
	0	228	228			
	0	229	229			
	2	230	230			
	0	231	231			
	0	232	232			
	0	233	233			
	1	234	234			
	0	235	235			
	0	236	236			
	1	237	237			
	1	238	238			
	0	239	239			
	0	240	240			
	1	241	241			
	0	242	242			
	0	243	243			
	0	244	244			
	0	245	245			
	0	246	246			
	0	247	247			
	0	248	248			
	0	249	249			
	0	250	250			
	0	251	251			
	0	252	252			
	0	253	253			
	0	254	254			
	0	255	255			
	0	256	256			
	0	257	257			
	0	258	258			
	0	259	259			
	0	260	260			
	1	261	261			
	0	262	262			
	1	263	263			
	0	264	264			
	0	265	265			
	0	266	266			
	0	267	267			
	0	268	268			
	1	269	269			
	0	270	270			
	1	271	271			
	0	272	272			
	0	273	273			
	0	274	274			
	0	275	275			
	1	276	276			
	0	277	277			
	1	278	278			
	0	279	279			
	0	280	280			
	1	281	281			
	0	282	282			
	0	283	283			
	0	284	284			
	0	285	285			
	0	286	286			
	0	287	287			
	0	288	288			
	0	289	289			
	0	290	290			
	0	291	291			
	0	292	292			
	0	293	293			
	0	294	294			
	0	295	295			
	0	296	296			
	0	297	297			
	0	298	298			
	0	299	299			
	0	300	300			
	0	301	301			
	0	302	302			
	0	303	303			
	0	304	304			
	0	305	305			
	0	306	306			
	0	307	307			
	1	308	308			
	0	309	309			
	0	310	310			
	0	311	311			
	0	312	312			
	0	313	313			
	0	314	314			
	0	315	315			
	0	316	316			
	0	317	317			
	0	318	318			
	3	319	319			
	0	320	320			
	0	321	321			
	0	322	322			
	0	323	323			
	0	324	324			
	0	325	325			
	0	326	326			
	0	327	327			
	0	328	328			
	0	329	329			
	0	330	330			
	0	331	331			
	0	332	332			
	0	333	333			
	0	334	334			
	0	335	335			
	0	336	336			
	0	337	337			
	0	338	338			
	0	339	339			
	0	340	340			
	0	341	341			
	0	342	342			
	0	343	343			
	0	344	344			
	0	345	345			
	0	346	346			
	0	347	347			
	0	348	348			
	0	349	349			
	0	350	350			
	0	351	351			
	0	352	352			
	0	353	353			
	0	354	354			
	0	355	355			
	0	356	356			
	0	357	357			
	0	358	358			
	0	359	359			
	0	360	360			
	0	361	361			
	0	362	362			
	0	363	363			
	0	364	364			
	0	365	365			
	0	366	366			
	0	367	367			
	0	368	368			
	0	369	369			
	0	370	370			
	0	371	371			
	0	372	372			
	0	373	373			
	0	374	374			
	1	375	375			
	0	376	376			
	0	377	377			
	0	378	378			
	0	379	379			
	0	380	380			
	0	381	381			
	0	382	382			
	0	383	383			
	0	384	384			
	0	385	385			
	0	386	386			
	0	387	387			
	0	388	388			
	0	389	389			
	0	390	390			
	0	391	391			
	0	392	392			
	0	393	393			
	0	394	394			
	0	395	395			
	0	396	396			
	0	397	397			
	0	398	398			
	0	399	399			
	0	400	400			
	0	401	401			
	0	402	402			
	0	403	403			
	0	404	404			
	0	405	405			
	0	406	406			
	0	407	407			
	0	408	408			
	0	409	409			
	0	410	410			
	0	411	411			
	0	412	412			
	0	413	413			
	0	414	414			
	0	415	415			
	0	416	416			
	0	417	417			
	0	418	418			
	0	419	419			
	0	420	420			
	0	421	421			
	0	422	422			
	0	423	423			
	0	424	424			
	0	425	425			
	0	426	426			
	0	427	427			
	0	428	428			
	0	429	429			
	0	430	430			
	0	431	431			
	0	432	432			
	0	433	433			
	0	434	434			
	0	435	435			
	0	436	436			
	0	437	437			
	0	438	438			
	0	439	439			
	0	440	440			
	0	441	441			
	0	442	442			
	0	443	443			
	0	444	444			
	0	445	445			
	0	446	446			
	0	447	447			
	0	448	448			
	0	449	449			
	0	450	450			
	0	451	451			
	0	452	452			
	0	453	453			
	0	454	454			
	0	455	455			
	0	456	456			
	0	457	457			
	0	458	458			
	0	459	459			
	0	460	460			
	0	461	461			
	0	462	462			
	0	463	463			
	0	464	464			
	0	465	465			
	0	466	466			
	0	467	467			
	0	468	468			
	0	469	469			
	0	470	470			
	0	471	471			
	0	472	472			
	0	473	473			
	0	474	474			
	0	475	475			
	0	476	476			
	0	477	477			
	0	478	478			
	0	479	479			
	0	480	480			
	0	481	481			
	0	482	482			
	0	483	483			
	0	484	484			
	0	485	485			
	0	486	486			
	0	487	487			
	0	488	488			
	0	489	489			
	0	490	490			
	0	491	491			
	0	492	492			
	0	493	493			
	0	494	494			
	0	495	495			
	0	496	496			
	0	497	497			
	0	498	498			
	0	499	499			
	0	500	500			
	0	501	501			
	0	502	502			
	0	503	503			
	0	504	504			
	0	505	505			
	0	506	506			
	0	507	507			
	0	508	508			
	0	509	509			
	0	510	510			
	0	511	511			
